0 3
1 2
2 3
3 5
4 3
5 4
6 5
7 5
8 2
9 1
10 4
11 0
12 1
13 0
14 1
15 4
16 0
17 2
18 5
19 5
20 3
21 6
22 7
23 8
24 7
25 8
26 6
27 7
28 8
29 6
30 9
31 7
32 6
33 9
34 8
35 16
36 13
37 14
38 11
39 12
40 15
41 10
42 15
43 13
44 10
45 10
46 14
47 16
48 15
49 13
50 11
51 14
52 10
53 12
54 16
55 11
56 23
57 22
58 24
59 21
60 20
61 24
62 19
63 23
64 17
65 18
66 23
67 18
68 19
69 19
70 24
71 21
72 21
73 23
74 22
75 17
76 20
77 17
78 17
79 22
80 33
81 34
82 26
83 27
84 33
85 28
86 28
87 31
88 25
89 29
90 28
91 34
92 35
93 27
94 29
95 25
96 34
97 29
98 27
99 32
100 31
101 32
102 30
103 25
104 30
105 35
106 32
107 33
108 29
109 26
110 26
111 39
112 36
113 41
114 40
115 39
116 37
117 37
118 38
119 36
120 39
121 38
122 41
123 38
124 40
125 41
126 36
127 37
128 40
129 42
130 47
131 43
132 44
133 43
134 43
135 44
136 47
137 46
138 45
139 46
140 42
141 46
142 43
143 47
144 42
145 45
146 44
147 45
148 48
149 49
150 48
151 50
152 50
153 50
154 50
155 48
156 49
157 49
158 52
159 54
160 56
161 54
162 52
163 53
164 53
165 51
166 52
167 56
168 51
169 51
170 53
171 54
172 55
173 57
174 55
175 56
176 51
177 55
178 63
179 60
180 59
181 62
182 61
183 61
184 62
185 62
186 59
187 60
188 58
189 58
190 63
191 61
192 61
193 60
194 60
195 63
196 59
197 58
198 62
199 59
