0 0
1 0
2 0
3 0
4 0
5 0
6 0
7 0
8 0
9 0
10 0
11 0
12 0
13 0
14 0
15 0
16 0
17 0
18 0
19 0
20 0
21 0
22 0
23 0
24 0
25 0
26 0
27 0
28 0
29 0
30 30
31 30
32 30
33 30
34 30
35 30
36 30
37 30
38 30
39 30
40 30
41 41
42 41
43 41
44 41
45 41
46 46
47 46
48 46
49 46
50 46
51 46
52 46
53 46
54 46
55 46
56 46
57 46
58 46
59 46
60 46
61 46
62 46
63 46
64 46
65 46
66 46
67 46
68 46
69 46
70 46
71 46
72 46
73 46
74 46
75 46
76 46
77 46
78 46
79 46
80 46
81 46
82 46
83 46
84 46
85 46
86 46
87 46
88 46
89 46
90 46
91 91
92 91
93 91
94 91
95 91
96 91
97 91
98 98
99 98
100 98
101 101
102 101
103 101
104 101
105 101
106 101
107 101
108 101
109 101
110 101
111 111
112 111
113 111
114 111
115 111
116 111
117 111
118 111
119 111
120 111
121 111
122 111
123 111
124 111
125 111
126 111
127 111
128 111
129 111
130 130
131 130
132 132
133 132
134 132
135 135
136 136
137 137
138 137
139 137
140 137
141 137
142 137
143 137
144 137
145 137
146 137
147 137
148 137
149 137
150 137
151 137
152 137
153 137
154 154
155 155
156 155
157 155
158 155
159 155
160 155
161 155
162 155
163 155
164 164
165 164
166 164
167 164
168 164
169 164
170 164
171 164
172 172
173 172
174 174
175 174
176 174
177 174
178 174
179 174
180 174
181 174
182 174
183 174
184 174
185 174
186 174
187 174
188 174
189 174
190 174
191 191
192 191
193 191
194 191
195 191
196 191
197 191
198 198
199 198
200 198
201 198
202 198
203 198
204 198
205 198
206 198
207 207
208 207
209 207
210 207
211 207
212 207
213 207
214 207
215 207
216 216
217 216
218 216
219 216
220 216
221 216
222 216
223 223
224 224
225 224
226 226
227 226
228 226
229 226
230 230
231 230
232 230
233 230
234 230
235 230
236 236
237 236
238 236
239 236
240 240
241 240
242 242
243 243
244 243
245 243
246 243
247 243
248 243
249 243
250 243
251 243
252 243
253 243
254 243
255 243
256 243
257 243
258 243
259 243
260 243
261 243
262 243
263 243
264 243
265 243
266 243
267 243
268 243
269 243
270 243
271 243
272 243
273 243
274 243
275 243
276 243
277 243
278 243
279 243
280 243
281 243
282 243
283 243
284 243
285 243
286 243
287 243
288 243
289 243
290 290
291 291
292 291
293 291
294 294
295 294
296 294
297 294
298 294
299 294
300 300
301 300
302 300
303 300
304 300
305 300
306 300
307 300
308 300
309 309
310 310
311 311
312 311
313 311
314 311
315 311
316 311
317 311
318 311
319 311
320 311
321 321
322 321
323 321
324 321
325 321
326 321
327 321
328 321
329 321
330 321
331 321
332 321
333 321
334 321
335 335
336 335
337 335
338 335
339 335
340 335
341 335
342 335
343 335
344 335
345 345
346 345
347 345
348 345
349 345
350 345
351 345
352 345
353 345
354 354
355 355
356 356
357 356
358 358
359 359
360 360
361 361
362 361
363 361
364 361
365 365
366 366
367 367
368 367
369 367
370 367
371 367
372 367
373 373
374 373
375 373
376 373
377 373
378 373
379 373
380 373
381 373
382 373
383 373
384 373
385 373
386 373
387 373
388 373
389 373
390 373
391 373
392 373
393 373
394 373
395 373
396 373
397 373
398 398
399 398
400 398
401 398
402 398
403 398
404 398
405 398
406 398
407 398
408 398
409 398
410 398
411 398
412 398
413 398
414 398
415 398
416 398
417 398
418 398
419 398
420 398
421 398
422 398
423 398
424 398
425 398
426 398
427 398
428 398
429 398
430 398
431 398
432 398
433 398
434 398
435 398
436 398
437 398
438 398
439 398
440 398
441 398
442 398
443 398
444 398
445 398
446 398
447 398
448 398
449 398
450 398
451 398
452 398
453 398
454 398
455 398
456 398
457 398
458 398
459 398
460 398
461 398
462 398
463 398
464 398
465 465
466 465
467 465
468 465
469 469
470 470
471 470
472 470
473 470
474 470
475 470
476 470
477 470
478 470
479 470
480 470
481 470
482 470
483 470
484 470
485 470
486 470
487 470
488 470
489 470
490 470
491 491
492 491
493 491
494 491
495 491
496 491
497 491
498 491
499 491
500 491
501 491
502 491
503 491
504 504
505 504
506 504
507 504
508 504
509 504
510 504
511 504
512 504
513 504
514 504
515 504
516 504
517 504
518 504
519 504
520 504
521 504
522 504
523 504
524 504
525 504
526 504
527 504
528 504
529 504
530 504
531 504
532 504
533 504
534 504
535 504
536 504
537 504
538 504
539 504
540 504
541 504
542 504
543 504
544 504
545 504
546 504
547 504
548 504
549 504
550 504
551 504
552 504
553 504
554 504
555 504
556 504
557 504
558 504
559 504
560 504
561 504
562 504
563 504
564 504
565 565
566 565
567 565
568 565
569 565
570 565
571 565
572 565
573 565
574 565
575 575
576 575
577 575
578 575
579 575
580 575
581 575
582 575
583 575
584 575
585 575
586 575
587 575
588 575
589 575
590 575
591 575
592 575
593 575
594 575
595 575
596 575
597 575
598 575
599 575
600 575
601 575
602 575
603 575
604 604
605 605
606 605
607 605
608 605
609 605
610 605
611 605
612 605
613 605
614 605
615 605
616 605
617 605
618 605
619 605
620 605
621 605
622 605
623 605
624 605
625 605
626 605
627 605
628 605
629 605
630 605
631 605
632 605
633 605
634 605
635 605
636 605
637 605
638 605
639 639
640 639
641 639
642 639
643 639
644 639
645 639
646 639
647 639
648 639
649 639
650 639
651 639
652 639
653 639
654 639
655 639
656 639
657 639
658 639
659 639
660 639
661 639
662 639
663 663
664 663
665 663
666 663
667 663
668 663
669 663
670 663
671 663
672 663
673 663
674 663
675 663
676 663
677 663
678 663
679 663
680 663
681 663
682 663
683 663
684 663
685 685
686 685
687 685
688 685
689 685
690 685
691 685
692 685
693 685
694 685
695 685
696 685
697 685
698 685
699 685
700 685
701 685
702 685
703 685
704 685
705 685
706 685
707 685
708 685
709 685
710 685
711 685
712 685
713 685
714 714
715 714
716 714
717 714
718 714
719 714
720 714
721 714
722 714
723 714
724 724
725 724
726 726
727 726
728 726
729 729
730 730
731 731
732 731
733 731
734 731
735 731
736 731
737 731
738 738
739 738
740 738
741 738
742 738
743 743
744 743
745 745
746 745
747 745
748 745
749 745
750 745
751 745
752 752
753 752
754 752
755 752
756 756
757 756
758 756
759 756
760 756
761 756
762 756
763 756
764 764
765 765
766 766
767 767
768 767
769 767
770 770
771 771
772 771
773 771
774 774
775 774
776 774
777 774
778 774
779 779
780 780
781 781
782 782
783 782
784 782
785 785
786 785
787 787
788 787
789 789
790 789
791 791
792 792
793 793
794 794
795 795
796 795
797 795
798 798
799 798
800 798
801 798
802 802
803 802
804 804
805 804
806 804
807 804
808 804
809 809
810 809
811 809
812 809
813 809
814 809
815 809
816 809
817 809
818 809
819 809
820 809
821 809
822 822
823 822
824 822
825 822
826 822
827 822
828 822
829 822
830 822
831 822
832 822
833 822
834 822
835 822
836 822
837 822
838 822
839 822
840 822
841 822
842 822
843 822
844 822
845 822
846 822
847 822
848 822
849 822
850 822
851 822
852 822
853 822
854 822
855 855
856 856
857 857
858 858
859 859
860 859
861 859
862 862
863 862
864 862
865 862
866 862
867 862
868 862
869 862
870 862
871 862
872 862
873 862
874 862
875 862
876 862
877 862
878 862
879 862
880 862
881 862
882 862
883 862
884 862
885 862
886 862
887 862
888 862
889 862
890 862
891 862
892 862
893 862
894 862
895 862
896 862
897 862
898 862
899 862
900 862
901 901
902 901
903 901
904 901
905 901
906 901
907 901
908 901
909 901
910 901
911 901
912 901
913 901
914 901
915 901
916 901
917 901
918 901
919 901
920 901
921 901
922 901
923 901
924 901
925 901
926 901
927 901
928 901
929 901
930 901
931 901
932 901
933 901
934 901
935 901
936 901
937 901
938 901
939 901
940 901
941 901
942 901
943 901
944 901
945 901
946 901
947 947
948 947
949 947
950 947
951 947
952 947
953 947
954 947
955 947
956 947
957 947
958 947
959 947
960 947
961 947
962 947
963 947
964 947
965 947
966 947
967 947
968 947
969 947
970 947
971 947
972 947
973 947
974 947
975 947
976 947
977 947
978 947
979 947
980 947
981 947
982 947
983 947
984 947
985 947
986 947
987 947
988 947
989 947
990 947
991 947
992 947
993 947
994 947
995 947
996 947
997 947
998 947
999 947
1000 947
1001 947
1002 1002
1003 1002
1004 1002
1005 1002
1006 1002
1007 1002
1008 1002
1009 1002
1010 1002
1011 1002
1012 1002
1013 1002
1014 1002
1015 1002
1016 1002
1017 1002
1018 1002
1019 1002
1020 1002
1021 1002
1022 1002
1023 1002
1024 1002
1025 1002
1026 1002
1027 1002
1028 1002
1029 1002
1030 1002
1031 1002
1032 1002
1033 1002
1034 1002
1035 1002
1036 1002
1037 1002
1038 1002
1039 1002
1040 1002
1041 1002
1042 1002
1043 1002
1044 1002
1045 1002
1046 1002
1047 1002
1048 1002
1049 1002
1050 1002
1051 1002
1052 1002
1053 1002
1054 1002
1055 1002
1056 1002
1057 1002
1058 1002
1059 1002
1060 1002
1061 1002
1062 1002
1063 1002
1064 1002
1065 1002
1066 1002
1067 1002
1068 1002
1069 1002
1070 1002
1071 1002
1072 1002
1073 1002
1074 1002
1075 1002
1076 1002
1077 1002
1078 1002
1079 1002
1080 1002
1081 1002
1082 1002
1083 1002
1084 1002
1085 1002
1086 1002
1087 1002
1088 1002
1089 1002
1090 1002
1091 1002
1092 1002
1093 1002
1094 1002
1095 1002
1096 1002
1097 1002
1098 1002
1099 1002
1100 1002
1101 1002
1102 1002
1103 1002
1104 1002
1105 1002
1106 1002
1107 1002
1108 1002
1109 1002
1110 1002
1111 1002
1112 1002
1113 1002
1114 1002
1115 1002
1116 1002
1117 1002
1118 1002
1119 1002
1120 1002
1121 1002
1122 1002
1123 1002
1124 1002
1125 1002
1126 1002
1127 1002
1128 1002
1129 1002
1130 1002
1131 1002
1132 1002
1133 1002
1134 1002
1135 1002
1136 1002
1137 1002
1138 1002
1139 1002
1140 1002
1141 1002
1142 1002
1143 1002
1144 1002
1145 1002
1146 1002
1147 1002
1148 1002
1149 1002
1150 1002
1151 1151
1152 1151
1153 1151
1154 1151
1155 1151
1156 1151
1157 1151
1158 1151
1159 1151
1160 1151
1161 1151
1162 1151
1163 1151
1164 1151
1165 1151
1166 1151
1167 1151
1168 1151
1169 1151
1170 1170
1171 1170
1172 1172
1173 1172
1174 1172
1175 1172
1176 1176
1177 1177
1178 1178
1179 1178
1180 1178
1181 1181
1182 1181
1183 1183
1184 1184
1185 1185
1186 1186
1187 1187
1188 1187
1189 1189
1190 1189
1191 1189
1192 1189
1193 1189
1194 1189
1195 1189
1196 1189
1197 1189
1198 1189
1199 1189
1200 1189
1201 1189
1202 1189
1203 1189
1204 1189
1205 1205
1206 1206
1207 1206
1208 1208
1209 1208
1210 1210
1211 1211
1212 1211
1213 1213
1214 1213
1215 1213
1216 1213
1217 1213
1218 1213
1219 1213
1220 1213
1221 1213
1222 1222
1223 1222
1224 1224
1225 1225
1226 1226
1227 1226
1228 1226
1229 1229
1230 1229
1231 1229
1232 1229
1233 1229
1234 1234
1235 1235
1236 1235
1237 1235
1238 1235
1239 1235
1240 1235
1241 1235
1242 1235
1243 1235
1244 1235
1245 1235
1246 1235
1247 1235
1248 1235
1249 1235
1250 1235
1251 1235
1252 1235
1253 1235
1254 1235
1255 1235
1256 1235
1257 1235
1258 1235
1259 1235
1260 1235
1261 1235
1262 1235
1263 1235
1264 1235
1265 1235
1266 1235
1267 1235
1268 1235
1269 1235
1270 1235
1271 1235
1272 1235
1273 1273
1274 1273
1275 1275
1276 1276
1277 1277
1278 1277
1279 1277
1280 1277
1281 1277
1282 1277
1283 1283
1284 1284
1285 1285
1286 1285
1287 1285
1288 1285
1289 1285
1290 1285
1291 1285
1292 1285
1293 1285
1294 1285
1295 1285
1296 1285
1297 1285
1298 1285
1299 1285
1300 1285
1301 1285
1302 1285
1303 1285
1304 1285
1305 1285
1306 1285
1307 1285
1308 1285
1309 1309
1310 1309
1311 1309
1312 1309
1313 1309
1314 1309
1315 1309
1316 1309
1317 1309
1318 1309
1319 1309
1320 1309
1321 1309
1322 1309
1323 1309
1324 1309
1325 1309
1326 1309
1327 1309
1328 1309
1329 1309
1330 1309
1331 1309
1332 1309
1333 1309
1334 1309
1335 1335
1336 1336
1337 1336
1338 1336
1339 1336
1340 1336
1341 1336
1342 1336
1343 1336
1344 1336
1345 1336
1346 1336
1347 1336
1348 1336
1349 1336
1350 1336
1351 1336
1352 1336
1353 1336
1354 1336
1355 1336
1356 1336
1357 1336
1358 1336
1359 1336
1360 1336
1361 1336
1362 1336
1363 1336
1364 1336
1365 1336
1366 1336
1367 1336
1368 1336
1369 1336
1370 1336
1371 1336
1372 1336
1373 1336
1374 1336
1375 1336
1376 1336
1377 1336
1378 1336
1379 1336
1380 1336
1381 1336
1382 1336
1383 1336
1384 1336
1385 1336
1386 1336
1387 1336
1388 1336
1389 1336
1390 1336
1391 1336
1392 1336
1393 1336
1394 1336
1395 1336
1396 1336
1397 1336
1398 1336
1399 1336
1400 1336
1401 1336
1402 1336
1403 1336
1404 1336
1405 1336
1406 1336
1407 1336
1408 1336
1409 1336
1410 1336
1411 1336
1412 1336
1413 1336
1414 1336
1415 1336
1416 1336
1417 1336
1418 1336
1419 1336
1420 1336
1421 1336
1422 1336
1423 1336
1424 1336
1425 1336
1426 1336
1427 1336
1428 1336
1429 1336
1430 1336
1431 1336
1432 1336
1433 1336
1434 1336
1435 1336
1436 1336
1437 1336
1438 1336
1439 1336
1440 1336
1441 1336
1442 1336
1443 1336
1444 1336
1445 1336
1446 1336
1447 1336
1448 1336
1449 1336
1450 1336
1451 1336
1452 1336
1453 1336
1454 1336
1455 1455
1456 1455
1457 1457
1458 1458
1459 1459
1460 1460
1461 1460
1462 1460
1463 1460
1464 1460
1465 1465
1466 1466
1467 1466
1468 1466
1469 1466
1470 1470
1471 1470
1472 1470
1473 1470
1474 1470
1475 1470
1476 1470
1477 1477
1478 1478
1479 1478
1480 1478
1481 1481
1482 1481
1483 1481
1484 1484
1485 1484
1486 1486
1487 1486
1488 1488
1489 1489
1490 1490
1491 1491
1492 1492
1493 1492
1494 1492
1495 1492
1496 1492
1497 1492
1498 1492
1499 1492
1500 1492
1501 1492
1502 1492
1503 1492
1504 1492
1505 1492
1506 1492
1507 1492
1508 1492
1509 1492
1510 1492
1511 1492
1512 1492
1513 1492
1514 1492
1515 1492
1516 1492
1517 1492
1518 1492
1519 1492
1520 1492
1521 1492
1522 1492
1523 1492
1524 1492
1525 1492
1526 1492
1527 1492
1528 1492
1529 1492
1530 1492
1531 1531
1532 1531
1533 1531
1534 1531
1535 1531
1536 1536
1537 1536
1538 1536
1539 1536
1540 1540
1541 1541
1542 1542
1543 1542
1544 1542
1545 1545
1546 1545
1547 1545
1548 1545
1549 1549
1550 1550
1551 1550
1552 1550
1553 1553
1554 1553
1555 1553
1556 1553
1557 1553
1558 1553
1559 1553
1560 1553
1561 1553
1562 1553
1563 1553
1564 1553
1565 1553
1566 1553
1567 1553
1568 1553
1569 1553
1570 1553
1571 1553
1572 1553
1573 1553
1574 1553
1575 1553
1576 1553
1577 1553
1578 1553
1579 1553
1580 1553
1581 1553
1582 1553
1583 1553
1584 1553
1585 1553
1586 1553
1587 1553
1588 1553
1589 1553
1590 1553
1591 1553
1592 1553
1593 1553
1594 1553
1595 1553
1596 1553
1597 1553
1598 1553
1599 1553
1600 1553
1601 1553
1602 1553
1603 1553
1604 1553
1605 1605
1606 1605
1607 1605
1608 1605
1609 1605
1610 1610
1611 1610
1612 1612
1613 1612
1614 1612
1615 1615
1616 1615
1617 1617
1618 1617
1619 1617
1620 1617
1621 1621
1622 1622
1623 1623
1624 1624
1625 1625
1626 1625
1627 1625
1628 1625
1629 1625
1630 1625
1631 1625
1632 1625
1633 1625
1634 1625
1635 1285
1636 1285
1637 1285
1638 1285
1639 1285
1640 1285
1641 1531
1642 1531
1643 1531
1644 1531
1645 1336
1646 1336
1647 1336
1648 1336
1649 1336
1650 1336
1651 1336
1652 1336
1653 1336
1654 1336
1655 1336
1656 1336
1657 1336
1658 1336
1659 1336
1660 1336
1661 1336
1662 1336
1663 1336
1664 1336
1665 1336
1666 1336
1667 1336
1668 1336
1669 1336
1670 1336
1671 1336
1672 1336
1673 1336
1674 1336
1675 1336
1676 1336
1677 1336
1678 1336
1679 1336
1680 1336
1681 1336
1682 1336
1683 1336
1684 1336
1685 1336
1686 1336
1687 1336
1688 1336
1689 1336
1690 1336
1691 1336
1692 1336
1693 1336
1694 1336
1695 1336
1696 1336
1697 1336
1698 1336
1699 1336
1700 1336
1701 1336
1702 1336
1703 1336
1704 1336
1705 1336
1706 1336
1707 1336
1708 1336
1709 1336
1710 1336
1711 1336
1712 1336
1713 1336
1714 1336
1715 1336
1716 1336
1717 1336
1718 1336
1719 1336
1720 1336
1721 1336
1722 1336
1723 1336
1724 1336
1725 1336
1726 1336
1727 1336
1728 1336
1729 1336
1730 1336
1731 1336
1732 1336
1733 1336
1734 1336
1735 1336
1736 1336
1737 1336
1738 1336
1739 1336
1740 1336
1741 1336
1742 1336
1743 1336
1744 1336
1745 1336
1746 1336
1747 1336
1748 1336
1749 1336
1750 1336
1751 1336
1752 1336
1753 1336
1754 1336
1755 1336
1756 1336
1757 1336
1758 1336
1759 1336
1760 1336
1761 1761
1762 1762
1763 1763
1764 1764
1765 1763
1766 1336
1767 1489
1768 1491
1769 1491
1770 1605
1771 1285
1772 1285
1773 1285
1774 1492
1775 1492
1776 1492
1777 1492
1778 1536
1779 1536
1780 1536
1781 1536
1782 1536
1783 1536
1784 1536
1785 1536
1786 1536
1787 1553
1788 1553
1789 1553
1790 1790
1791 1790
1792 1790
1793 1793
1794 1793
1795 1793
1796 1796
1797 1796
1798 1796
1799 1796
1800 1800
1801 1800
1802 1802
1803 1802
1804 1802
1805 1553
1806 1553
1807 1553
1808 1553
1809 1553
1810 1553
1811 1553
1812 1553
1813 1553
1814 1553
1815 1553
1816 1553
1817 1553
1818 1553
1819 1553
1820 1553
1821 1553
1822 1553
1823 1553
1824 1553
1825 1553
1826 1553
1827 1553
1828 1553
1829 1553
1830 1553
1831 1553
1832 1553
1833 1553
1834 1553
1835 1553
1836 1553
1837 1553
1838 1553
1839 1553
1840 1553
1841 1553
1842 1553
1843 1553
1844 1553
1845 1553
1846 1553
1847 1553
1848 1553
1849 1553
1850 1553
1851 1553
1852 1553
1853 1553
1854 1553
1855 1553
1856 1553
1857 1553
1858 1553
1859 1553
1860 1553
1861 1553
1862 1553
1863 1553
1864 1553
1865 1553
1866 1553
1867 1605
1868 1605
1869 1605
1870 1605
1871 1605
1872 1610
1873 1615
1874 1615
1875 1615
1876 1612
1877 1612
1878 1878
