0 0
1 0
2 0
3 0
4 0
5 0
6 0
7 0
8 0
9 0
10 0
11 0
12 0
13 0
14 0
15 0
16 0
17 0
18 0
19 0
20 0
21 0
22 0
23 0
24 0
25 0
26 0
27 0
28 0
29 0
30 30
31 30
32 30
33 30
34 30
35 30
36 30
37 30
38 30
39 30
40 30
41 30
42 30
43 30
44 30
45 30
46 30
47 30
48 30
49 30
50 30
51 30
52 30
53 30
54 30
55 30
56 30
57 30
58 30
59 30
60 60
61 60
62 60
63 60
64 60
65 60
66 60
67 60
68 60
69 60
70 60
71 60
72 60
73 60
74 60
75 60
76 60
77 60
78 60
79 60
80 60
81 60
82 60
83 60
84 60
85 60
86 60
87 60
88 60
89 60
90 90
91 90
92 90
93 90
94 90
95 90
96 90
97 90
98 90
99 90
100 90
101 90
102 90
103 90
104 90
105 90
106 90
107 90
108 90
109 90
110 90
111 90
112 90
113 90
114 90
115 90
116 90
117 90
118 90
119 90
120 120
121 120
122 120
123 120
124 120
125 120
126 120
127 120
128 120
129 120
130 120
131 120
132 120
133 120
134 120
135 120
136 120
137 120
138 120
139 120
140 120
141 120
142 120
143 120
144 120
145 120
146 120
147 120
148 120
149 120
150 150
151 150
152 150
153 150
154 150
155 150
156 150
157 150
158 150
159 150
160 150
161 150
162 150
163 150
164 150
165 150
166 150
167 150
168 150
169 150
170 150
171 150
172 150
173 150
174 150
175 150
176 150
177 150
178 150
179 150
180 180
181 180
182 180
183 180
184 180
185 180
186 180
187 180
188 180
189 180
190 180
191 180
192 180
193 180
194 180
195 180
196 180
197 180
198 180
199 180
200 180
201 180
202 180
203 180
204 180
205 180
206 180
207 180
208 180
209 180
210 210
211 210
212 210
213 210
214 210
215 210
216 210
217 210
218 210
219 210
220 210
221 210
222 210
223 210
224 210
225 210
226 210
227 210
228 210
229 210
230 210
231 210
232 210
233 210
234 210
235 210
236 210
237 210
238 210
239 210
240 240
241 240
242 240
243 240
244 240
245 240
246 240
247 240
248 240
249 240
250 240
251 240
252 240
253 240
254 240
255 240
256 240
257 240
258 240
259 240
260 240
261 240
262 240
263 240
264 240
265 240
266 240
267 240
268 240
269 240
270 270
271 270
272 270
273 270
274 270
275 270
276 270
277 270
278 270
279 270
280 270
281 270
282 270
283 270
284 270
285 270
286 270
287 270
288 270
289 270
290 270
291 270
292 270
293 270
294 270
295 270
296 270
297 270
298 270
299 270
300 300
301 300
302 300
303 300
304 300
305 300
306 300
307 300
308 300
309 300
310 300
311 300
312 300
313 300
314 300
315 300
316 300
317 300
318 300
319 300
320 300
321 300
322 300
323 300
324 300
325 300
326 300
327 300
328 300
329 300
330 330
331 330
332 330
333 330
334 330
335 330
336 330
337 330
338 330
339 330
340 330
341 330
342 330
343 330
344 330
345 330
346 330
347 330
348 330
349 330
350 330
351 330
352 330
353 330
354 330
355 330
356 330
357 330
358 330
359 330
360 360
361 360
362 360
363 360
364 360
365 360
366 360
367 360
368 360
369 360
370 360
371 360
372 360
373 360
374 360
375 360
376 360
377 360
378 360
379 360
380 360
381 360
382 360
383 360
384 360
385 360
386 360
387 360
388 360
389 360
390 390
391 390
392 390
393 390
394 390
395 390
396 390
397 390
398 390
399 390
400 390
401 390
402 390
403 390
404 390
405 390
406 390
407 390
408 390
409 390
410 390
411 390
412 390
413 390
414 390
415 390
416 390
417 390
418 390
419 390
420 420
421 420
422 420
423 420
424 420
425 420
426 420
427 420
428 420
429 420
430 420
431 420
432 420
433 420
434 420
435 420
436 420
437 420
438 420
439 420
440 420
441 420
442 420
443 420
444 420
445 420
446 420
447 420
448 420
449 420
450 450
451 450
452 450
453 450
454 450
455 450
456 450
457 450
458 450
459 450
460 450
461 450
462 450
463 450
464 450
465 450
466 450
467 450
468 450
469 450
470 450
471 450
472 450
473 450
474 450
475 450
476 450
477 450
478 450
479 450
480 480
481 480
482 480
483 480
484 480
485 480
486 480
487 480
488 480
489 480
490 480
491 480
492 480
493 480
494 480
495 480
496 480
497 480
498 480
499 480
500 480
501 480
502 480
503 480
504 480
505 480
506 480
507 480
508 480
509 480
510 510
511 510
512 510
513 510
514 510
515 510
516 510
517 510
518 510
519 510
520 510
521 510
522 510
523 510
524 510
525 510
526 510
527 510
528 510
529 510
530 510
531 510
532 510
533 510
534 510
535 510
536 510
537 510
538 510
539 510
540 540
541 540
542 540
543 540
544 540
545 540
546 540
547 540
548 540
549 540
550 540
551 540
552 540
553 540
554 540
555 540
556 540
557 540
558 540
559 540
560 540
561 540
562 540
563 540
564 540
565 540
566 540
567 540
568 540
569 540
570 570
571 570
572 570
573 570
574 570
575 570
576 570
577 570
578 570
579 570
580 570
581 570
582 570
583 570
584 570
585 570
586 570
587 570
588 570
589 570
590 570
591 570
592 570
593 570
594 570
595 570
596 570
597 570
598 570
599 570
600 600
601 600
602 600
603 600
604 600
605 600
606 600
607 600
608 600
609 600
610 600
611 600
612 600
613 600
614 600
615 600
616 600
617 600
618 600
619 600
620 600
621 600
622 600
623 600
624 600
625 600
626 600
627 600
628 600
629 600
630 630
631 630
632 630
633 630
634 630
635 630
636 630
637 630
638 630
639 630
640 630
641 630
642 630
643 630
644 630
645 630
646 630
647 630
648 630
649 630
650 630
651 630
652 630
653 630
654 630
655 630
656 630
657 630
658 630
659 630
660 660
661 660
662 660
663 660
664 660
665 660
666 660
667 660
668 660
669 660
670 660
671 660
672 660
673 660
674 660
675 660
676 660
677 660
678 660
679 660
680 660
681 660
682 660
683 660
684 660
685 660
686 660
687 660
688 660
689 660
690 690
691 690
692 690
693 690
694 690
695 690
696 690
697 690
698 690
699 690
700 690
701 690
702 690
703 690
704 690
705 690
706 690
707 690
708 690
709 690
710 690
711 690
712 690
713 690
714 690
715 690
716 690
717 690
718 690
719 690
720 720
721 720
722 720
723 720
724 720
725 720
726 720
727 720
728 720
729 720
730 720
731 720
732 720
733 720
734 720
735 720
736 720
737 720
738 720
739 720
740 720
741 720
742 720
743 720
744 720
745 720
746 720
747 720
748 720
749 720
750 750
751 750
752 750
753 750
754 750
755 750
756 750
757 750
758 750
759 750
760 750
761 750
762 750
763 750
764 750
765 750
766 750
767 750
768 750
769 750
770 750
771 750
772 750
773 750
774 750
775 750
776 750
777 750
778 750
779 750
780 780
781 780
782 780
783 780
784 780
785 780
786 780
787 780
788 780
789 780
790 780
791 780
792 780
793 780
794 780
795 780
796 780
797 780
798 780
799 780
800 780
801 780
802 780
803 780
804 780
805 780
806 780
807 780
808 780
809 780
810 810
811 810
812 810
813 810
814 810
815 810
816 810
817 810
818 810
819 810
820 810
821 810
822 810
823 810
824 810
825 810
826 810
827 810
828 810
829 810
830 810
831 810
832 810
833 810
834 810
835 810
836 810
837 810
838 810
839 810
840 840
841 840
842 840
843 840
844 840
845 840
846 840
847 840
848 840
849 840
850 840
851 840
852 840
853 840
854 840
855 840
856 840
857 840
858 840
859 840
860 840
861 840
862 840
863 840
864 840
865 840
866 840
867 840
868 840
869 840
870 870
871 870
872 870
873 870
874 870
875 870
876 870
877 870
878 870
879 870
880 870
881 870
882 870
883 870
884 870
885 870
886 870
887 870
888 870
889 870
890 870
891 870
892 870
893 870
894 870
895 870
896 870
897 870
898 870
899 870
