68,109,0,0,0,0,0
37,79,0,0,0,0,0
26,83,0,0,0,0,0
57,66,0,0,1,1,0
64,80,1,0,0,0,0
27,83,0,0,0,0,0
20,32,0,0,0,0,0
31,121,0,0,0,0,0
32,60,0,0,0,0,0
52,87,0,0,0,0,0
21,59,0,0,0,0,0
3,15,0,0,0,0,0
78,101,0,0,1,0,1
25,116,0,0,0,0,0
29,116,0,0,0,0,0
88,96,1,1,1,0,0
57,73,0,0,0,0,0
44,63,0,0,0,0,0
46,99,0,0,0,1,0
68,99,0,1,0,0,0
37,62,0,0,0,0,0
74,76,1,1,1,1,1
41,57,1,0,1,0,0
73,109,0,0,0,0,0
15,102,0,0,1,0,1
21,118,0,0,0,0,0
80,90,0,0,0,0,0
69,104,0,0,1,1,0
29,40,0,0,0,0,0
35,91,0,0,0,0,0
7,122,1,1,1,1,1
33,98,0,0,0,0,0
77,112,0,0,0,0,0
36,87,0,0,0,0,0
59,97,0,0,0,0,0
2,32,0,0,0,0,0
51,83,0,0,0,0,0
51,73,1,1,1,1,1
31,59,0,0,0,0,0
31,60,1,1,1,0,1
36,52,1,0,1,1,0
49,68,0,0,0,0,0
19,85,0,0,0,1,0
2,52,0,0,0,0,0
45,73,0,0,1,0,1
63,107,1,1,1,1,1
31,109,0,0,0,0,0
17,104,0,0,0,0,0
24,77,0,0,0,0,0
73,99,0,0,0,0,0
15,94,0,0,0,0,0
5,100,0,0,0,0,0
5,82,0,0,0,0,0
69,90,0,1,0,0,1
62,67,0,0,0,0,0
36,68,0,0,1,1,0
76,91,0,0,0,0,0
25,63,0,0,0,0,0
8,116,0,0,0,0,0
15,55,0,0,0,0,0
24,49,0,0,0,0,0
32,91,0,0,0,0,0
40,98,0,0,0,0,0
118,122,0,0,0,0,0
74,101,0,0,0,0,0
77,120,0,0,0,0,0
61,118,0,0,0,0,0
26,79,0,0,0,0,0
12,85,0,0,0,0,0
96,104,0,0,0,0,0
33,53,0,0,0,0,0
5,96,0,0,0,0,0
7,116,0,0,1,1
14,32,1,0,0,0,0
64,103,0,0,0,0,0
84,87,0,0,0,0,0
3,60,0,1,0,0,0
3,46,1,0,1,1,1
78,99,1,1,1,1,0
29,56,0,0,0,0,0
32,101,0,0,0,0,0
57,107,0,0,0,0,0
79,122,0,0,0,0,1
98,102,0,0,0,0,0
21,80,0,0,1,0,0
12,59,1,1,1,1,1
41,91,0,0,0,0,0
6,40,1,1,1,1,1
80,84,0,0,0,0,0
59,65,0,0,0,0,0
19,120,0,0,0,0,0
20,24,0,1,0,0,0
60,76,0,0,0,0,0
111,112,0,1,1,1,1
36,102,0,0,1,0,0
35,109,0,1,1,1,1
79,116,1,0,0,0,0
52,116,0,0,0,0,0
70,83,0,0,1,1,0
17,123,0,0,0,0,0
106,107,1,1,0,0,0
27,124,0,0,0,0,0
90,110,1,0,0,1,0
70,76,0,0,0,0,0
13,29,0,1,0,1,0
97,106,0,0,0,0,0
19,109,0,0,0,0,0
64,106,0,0,0,0,0
44,70,0,0,0,0,0
67,122,0,0,0,0,0
15,40,0,0,0,0,0
76,83,0,0,0,0,0
62,97,0,0,0,0,0
2,41,0,0,0,0,0
6,87,0,0,0,0,0
76,79,0,0,0,0,0
53,91,0,0,0,0,0
27,98,0,0,0,0,0
63,125,0,0,0,0,0
57,124,0,0,1,0,0
3,117,0,1,0,0,0
15,125,0,0,0,0,0
44,91,1,1,1,1,0
14,93,0,0,0,1,0
31,36,0,0,0,0,0
34,104,0,0,0,0,0
37,116,0,0,0,0,0
55,76,0,0,0,0,0
13,14,0,0,1,1,1
61,88,0,0,0,0,0
41,73,0,0,0,0,0
21,109,0,0,0,0,0
83,100,0,0,0,0,0
36,49,0,0,0,0,0
5,15,0,0,0,0,0
61,64,0,0,0,0,0
33,70,0,0,0,0,0
24,64,0,0,0,0,0
67,110,0,0,0,0,0
40,53,0,0,0,0,0
20,124,0,0,1,0,1
15,121,0,0,0,0,0
70,94,1,1,1,1,1
5,79,0,0,0,0,0
59,110,0,0,0,0,0
44,107,0,0,0,0,0
109,124,0,0,0,0,0
8,57,0,0,0,0,0
44,121,0,0,1,0,0
13,88,0,0,0,0,0
33,125,1,1,1,0,0
62,118,0,0,0,0,0
12,78,0,0,0,0,0
56,125,0,0,0,0,0
65,74,1,1,1,1,1
52,53,0,0,0,1,0
52,70,1,1,1,0,1
87,88,0,0,0,1,0
44,82,0,0,0,0,0
80,118,0,0,0,0,0
45,111,0,0,0,0,0
37,78,0,1,0,0,0
57,67,0,0,0,0,1
64,81,0,0,0,0,0
27,82,0,0,0,0,0
20,31,0,0,0,0,0
32,67,0,0,0,0,0
79,99,1,1,1,0,1
12,118,0,0,0,0,0
13,35,0,0,0,0,0
45,46,0,0,0,0,0
78,100,0,0,0,0,0
25,117,0,0,0,0,0
29,117,0,0,0,0,0
61,101,0,0,1,0,0
70,82,0,0,0,0,0
73,112,0,0,0,0,0
46,98,0,0,0,0,0
12,98,0,0,0,0,0
35,44,0,0,0,0,0
8,118,0,0,0,0,0
68,98,0,0,0,0,0
37,63,0,0,0,0,0
4,80,0,0,0,0,0
33,64,0,0,1,0,0
74,77,0,0,0,0,0
73,106,0,0,0,0,0
15,103,1,1,1,1,1
4,83,0,0,0,0,0
35,90,0,0,0,0,0
81,87,0,0,0,0,0
85,123,0,0,0,0,0
31,112,0,0,0,0,0
59,96,0,0,0,0,0
2,33,0,0,0,0,0
68,79,0,0,0,0,0
51,80,1,1,1,1,1
19,94,0,1,0,0,0
74,96,0,0,0,0,0
31,61,0,0,0,0,0
36,53,0,0,0,0,1
2,53,0,0,0,0,0
45,70,0,0,0,0,0
24,76,0,0,0,0,0
73,98,0,0,0,0,0
15,97,0,0,0,0,0
5,101,0,0,0,0,0
5,83,0,0,0,0,0
69,91,0,0,0,0,0
103,109,0,0,0,0,0
62,64,0,1,1,1,1
36,67,0,0,0,0,0
76,96,0,0,1,0,0
7,20,0,1,1,0,1
82,118,0,0,0,0,0
67,104,0,0,0,0,0
32,96,0,0,0,0,0
3,97,0,0,0,0,0
118,121,0,0,0,0,0
27,29,0,0,0,0,0
26,33,0,0,0,0,0
74,100,0,0,1,1,0
27,118,0,0,0,0,0
77,121,1,0,0,0,0
26,78,0,0,0,0,0
110,122,0,1,0,0,0
12,84,1,0,1,0,1
96,103,0,0,0,0,0
33,52,1,0,0,0,0
5,91,0,0,0,0,0
91,102,0,0,0,0,0
33,117,1,0,0,0,0
14,33,0,0,0,0,0
64,100,0,0,0,0,0
3,61,0,0,0,0,0
70,110,0,0,0,0,0
20,117,0,0,0,0,0
73,88,0,0,0,0,0
49,94,0,0,0,0,0
56,101,0,0,0,0,0
65,120,1,1,0,1,1
67,94,0,0,0,0,0
100,106,0,0,0,0,0
33,82,0,0,0,0,0
29,57,0,0,0,0,0
32,100,0,0,1,0,0
65,81,0,0,0,0,0
57,100,0,0,0,0,0
79,123,1,1,1,1,1
102,109,0,0,0,0,0
21,83,0,0,0,0,0
104,118,1,0,0,0,0
49,121,0,0,0,0,0
17,53,0,0,0,0,0
80,85,0,0,0,0,0
7,46,0,0,0,0,0
19,121,0,0,0,0,0
7,78,0,1,0,1,0
6,31,0,0,0,0,0
68,97,0,0,0,0,0
35,88,0,0,0,0,0
52,117,0,0,0,0,0
17,120,0,0,0,0,0
83,116,0,0,0,0,0
90,111,0,0,0,0,0
77,79,0,0,0,0,0
34,93,0,0,0,0,0
56,77,0,0,0,0,0
34,36,0,0,1,0,0
70,77,0,0,0,0,0
8,76,0,0,0,0,0
97,107,1,0,1,0,0
44,73,0,0,0,0,0
53,70,0,0,1,0,0
15,41,0,0,0,0,0
76,82,1,0,1,1,1
62,96,0,0,0,0,0
53,90,0,0,0,0,0
27,99,0,0,0,0,0
17,84,0,0,0,0,0
63,124,0,1,1,1,1
15,24,0,0,0,0,0
21,40,0,0,1,0,0
91,121,0,0,0,0,0
57,125,0,0,0,0,0
3,116,0,0,0,0,0
27,74,0,0,0,0,0
44,90,1,1,1,0,1
14,90,0,0,0,0,0
36,73,1,1,1,1,1
62,70,0,0,0,0,0
26,94,0,0,0,0,0
27,61,0,0,0,0,0
34,103,0,0,0,0,0
51,94,1,1,0,1,0
19,118,0,0,0,0,0
41,70,0,0,0,0,0
45,96,0,0,0,0,0
83,103,0,0,0,0,0
15,112,0,0,0,0,0
106,111,1,1,1,1,0
59,125,0,0,0,0,0
63,96,0,1,0,0,0
25,42,0,0,0,0,0
57,112,0,0,0,0,0
53,100,0,0,0,0,0
24,65,0,0,0,0,0
67,78,0,0,0,0,0
112,118,0,0,0,0,0
67,111,0,0,0,0,0
40,52,0,0,0,0,0
20,125,1,0,1,1,1
32,45,0,0,0,0,0
44,100,0,0,0,0,0
26,104,1,0,0,0,0
56,124,0,0,0,0,0
4,36,0,0,0,0,0
2,78,0,0,0,0,0
3,13,0,0,0,0,0
26,107,0,0,0,0,0
57,64,0,0,0,0,0
40,112,0,1,1,1,1
27,81,0,0,0,0,0
32,66,1,1,1,1,0
52,85,0,0,0,0,0
79,98,0,0,0,0,0
94,124,1,0,1,1,1
19,59,0,0,0,0,0
8,46,0,0,0,0,0
19,49,0,0,0,0,0
46,120,0,0,0,0,0
26,124,0,0,0,0,0
88,94,0,0,0,0,0
61,100,0,0,0,0,0
70,81,0,0,0,0,0
66,110,0,0,0,0,0
76,123,0,0,0,0,0
12,99,0,0,0,0,0
35,45,0,0,0,0,0
65,118,0,0,1,0,0
3,74,0,0,0,0,0
20,64,1,1,1,1,1
73,107,1,1,1,0,1
15,100,1,1,0,0,1
4,82,0,0,0,0,0
29,42,0,0,0,0,0
35,97,0,0,0,0,0
124,125,0,0,0,1,0
36,81,0,0,0,0,0
27,122,0,0,0,0,0
14,41,0,0,1,0,0
31,111,0,0,0,0,0
59,91,0,0,0,0,0
78,125,1,0,0,0,0
68,78,1,0,1,0,0
82,87,1,1,1,1,1
51,81,0,0,0,0,0
15,88,0,0,0,0,0
61,98,0,0,0,0,0
19,97,0,0,0,0,0
74,97,0,0,0,0,0
15,68,0,0,0,0,0
32,74,0,0,0,0,0
85,88,0,0,0,0,0
37,118,0,1,0,0,0
15,96,0,0,0,0,1
5,80,0,0,0,0,0
69,96,1,0,0,0,0
62,65,0,0,0,0,0
36,66,0,0,0,0,0
2,109,0,0,0,0,0
76,97,0,0,0,0,0
7,21,1,0,0,1,0
14,112,0,0,0,0,0
88,124,0,0,0,0,0
26,42,0,0,0,0,0
15,57,0,0,0,0,1
37,69,0,1,0,0,0
26,44,0,0,0,1,0
32,97,0,0,1,0,0
3,96,0,0,0,0,0
118,120,0,0,0,0,0
26,32,1,0,0,0,0
74,107,0,0,0,0,0
37,88,0,1,1,1,0
40,80,0,0,0,0,0
77,122,0,0,0,0,0
61,116,0,0,0,1,0
96,102,0,1,1,1,1
27,49,0,0,0,0,0
103,112,0,0,0,0,0
5,90,0,0,0,0,0
6,56,0,0,0,0,0
66,99,0,0,0,0,0
91,103,0,0,0,0,0
33,116,0,0,0,0,0
13,20,0,0,0,0,1
70,111,0,0,0,0,0
100,107,0,0,0,0,0
32,103,0,0,0,0,0
65,80,0,0,0,0,0
32,78,0,0,1,0,0
46,111,0,0,0,0,0
57,101,0,0,0,0,0
79,120,0,0,0,0,0
97,117,0,0,0,0,0
69,74,0,0,1,0,0
98,104,0,0,0,0,0
21,82,0,0,0,0,0
88,118,0,0,0,0,1
49,120,0,0,0,0,0
17,52,0,0,0,0,0
41,93,0,0,0,0,0
6,46,0,0,0,0,0
80,104,0,0,0,0,0
19,122,1,1,1,1,1
66,107,0,0,0,0,0
20,26,0,0,0,0,0
60,74,0,0,0,0,1
52,118,0,0,0,0,0
51,120,0,0,0,0,0
52,109,0,0,0,0,0
17,121,0,0,0,0,0
83,117,0,0,0,1,0
49,116,0,0,0,0,0
34,109,0,0,0,0,0
34,37,0,0,0,0,0
70,74,0,0,0,0,0
8,77,0,0,0,0,0
4,59,0,0,0,0,0
57,110,1,1,1,0,1
53,73,0,0,0,0,0
14,67,0,0,0,0,0
15,46,1,0,0,0,0
76,85,0,0,0,0,0
6,85,0,0,0,0,0
53,97,0,0,0,0,0
6,107,0,0,0,0,0
46,123,0,0,0,0,0
15,25,0,0,0,0,0
57,122,0,0,0,0,0
2,29,0,0,0,0,0
103,104,0,0,0,0,0
14,91,0,0,0,0,0
36,74,0,0,0,0,0
81,122,0,0,0,0,0
26,93,0,0,0,0,0
34,102,0,0,1,0,0
85,121,0,0,0,0,0
51,97,1,0,1,1,1
26,123,0,0,0,0,0
63,78,1,0,1,1,1
45,97,0,0,0,0,0
83,102,1,0,1,0,1
106,110,0,0,0,0,0
5,17,0,0,0,0,0
63,97,1,1,1,1,1
36,42,1,0,0,0,0
53,101,0,0,0,0,0
24,66,0,0,0,0,0
67,79,0,0,0,0,0
67,112,0,0,0,0,0
40,51,0,0,0,0,0
70,96,0,0,1,0,1
32,44,0,0,0,0,0
59,112,1,1,1,1,1
44,101,0,0,0,0,1
8,55,1,1,1,1,1
4,34,0,0,0,0,0
65,76,1,1,1,1,1
20,49,0,0,0,0,0
52,55,0,0,0,0,0
2,79,0,0,0,0,0
3,12,0,0,0,0,0
4,7,0,0,0,0,0
57,65,0,0,0,0,0
41,109,0,0,0,0,0
27,80,0,0,0,0,0
32,65,0,0,0,0,0
52,84,0,0,0,0,0
36,96,0,0,1,0,0
35,120,0,0,0,0,0
4,104,0,0,0,0,0
19,46,0,0,0,0,0
104,111,0,0,0,0,0
29,70,1,0,0,1,1
88,93,0,0,0,0,0
61,103,0,0,0,0,0
70,80,1,1,1,1,1
76,122,0,0,0,0,0
7,13,0,0,0,1,0
81,90,0,0,0,0,0
35,46,0,0,0,0,0
101,120,0,0,0,0,0
3,77,0,0,0,0,0
46,88,0,0,0,0,0
20,65,0,0,0,0,0
78,110,0,0,0,0,0
42,112,0,0,0,0,0
60,82,0,0,0,0,0
34,73,0,0,0,0,0
73,104,0,0,0,0,0
15,101,0,0,0,0,0
6,8,0,0,0,0,0
35,96,0,0,0,0,0
81,85,0,0,0,0,0
36,80,1,1,1,1,1
15,77,0,0,0,0,0
14,40,0,0,0,0,0
31,110,0,0,0,0,0
59,90,0,0,0,0,0
78,124,0,0,0,1,0
2,31,0,0,0,0,0
82,84,0,0,0,0,0
21,49,0,0,0,0,0
19,96,0,0,0,0,0
51,70,1,1,1,0,0
36,51,1,1,1,0,1
49,65,0,0,0,0,0
83,98,0,0,0,1,0
15,69,0,0,0,0,0
85,87,0,0,0,0,0
24,74,0,0,0,0,0
15,91,0,0,0,0,0
5,81,0,0,0,0,0
69,97,0,0,0,0,0
25,93,1,1,1,1,1
59,88,0,0,0,0,0
36,65,0,0,0,0,0
46,117,0,0,0,0,0
61,123,1,1,1,1,1
76,94,0,0,0,0,0
8,93,0,0,0,0,1
88,125,0,0,0,0,0
67,102,0,0,1,0,1
15,56,0,0,0,0,0
62,84,0,0,0,0,0
26,45,1,1,1,1,1
32,94,0,0,0,0,0
74,106,0,0,0,0,0
51,60,0,0,0,0,0
40,81,1,1,0,1,1
77,123,0,0,0,0,0
37,106,0,0,0,0,0
61,117,0,0,0,0,0
29,102,1,1,0,0,0
40,79,0,0,0,0,0
96,101,0,0,0,0,0
14,125,0,0,0,0,0
5,93,0,0,0,0,0
45,59,0,0,0,0,0
6,57,0,0,0,0,0
66,98,1,1,1,0,0
91,100,0,0,0,0,0
33,111,0,0,0,0,0
13,21,0,0,0,0,0
69,103,0,0,0,0,1
70,112,0,0,0,0,0
3,49,0,0,0,0,0
8,29,0,0,0,0,0
49,96,0,0,0,0,0
123,125,0,0,0,0,0
78,94,0,0,0,0,0
67,96,1,1,0,1,0
29,55,0,0,0,0,0
32,102,0,0,0,0,0
65,83,0,0,0,0,0
46,110,1,0,0,0,1
57,102,1,0,0,0,0
62,87,0,0,0,0,0
97,116,0,0,0,1,0
98,107,0,0,0,0,0
83,120,0,0,0,0,1
49,123,0,0,0,0,0
32,59,0,0,0,0,0
17,51,0,0,0,0,0
2,3,0,0,0,0,0
6,45,0,0,0,0,0
80,87,0,0,0,0,0
7,40,0,0,0,0,0
19,123,0,0,0,0,0
25,123,0,0,0,0,0
20,27,0,0,0,0,0
60,73,0,0,0,0,0
111,117,0,0,0,0,1
45,121,0,0,0,0,0
40,62,0,0,0,0,0
51,121,1,1,1,1,1
8,88,0,0,0,0,0
49,117,0,0,0,0,0
35,116,0,0,0,0,0
8,70,0,0,0,0,0
53,117,0,0,0,0,0
57,117,0,1,0,0,1
7,45,0,0,0,0,0
12,32,0,0,0,0,0
14,66,0,0,0,0,0
76,84,0,0,0,0,0
62,94,0,0,0,0,0
7,79,1,1,0,0,0
6,84,1,1,0,1,1
53,96,1,0,1,0,0
2,83,0,0,1,0,0
15,26,0,0,0,1,0
104,117,0,0,0,0,0
6,21,0,0,0,0,0
5,31,0,0,0,0,0
57,123,0,0,0,0,0
33,87,0,0,0,0,0
52,98,0,0,0,0,0
87,98,0,1,0,1,0
66,103,0,0,0,0,0
8,109,0,0,0,0,0
81,118,0,0,0,0,0
34,101,0,1,0,0,0
85,120,0,0,0,0,0
63,79,0,0,0,0,0
41,76,0,1,0,0,0
45,98,0,0,0,0,0
102,112,0,0,0,0,0
53,102,1,0,0,0,0
24,67,0,0,0,0,0
79,100,0,0,0,0,0
64,69,0,0,0,0,0
85,116,0,0,0,0,0
70,97,1,1,1,1,1
44,102,0,0,0,0,0
8,52,0,0,0,0,0
5,66,0,1,0,0,0
4,35,0,0,0,0,0
26,106,0,0,0,0,0
65,77,0,0,0,0,0
4,19,0,0,0,0,0
52,56,0,0,0,0,0
57,62,0,0,0,0,0
40,110,0,0,0,0,0
27,87,0,0,0,0,0
77,102,1,0,0,1,0
32,64,0,0,0,0,0
52,83,0,0,0,1,1
17,44,1,1,1,1,1
63,103,0,0,0,0,0
36,97,1,1,1,1,1
8,112,0,1,0,0,0
27,64,0,0,0,0,0
25,112,1,0,0,1,1
61,102,0,0,0,0,0
73,117,0,0,0,0,0
76,121,0,0,0,0,0
7,12,0,0,0,0,0
17,109,0,0,0,0,0
81,91,0,0,0,0,0
91,118,0,0,0,0,0
3,76,0,0,0,0,0
13,100,0,0,0,0,0
20,66,1,0,0,0,0
78,111,0,0,0,0,1
34,70,0,0,0,0,0
64,73,0,0,0,0,0
26,53,0,1,0,0,0
29,44,0,0,0,0,0
80,124,1,1,1,1,1
81,84,1,1,1,1,1
45,110,0,0,0,0,0
36,83,0,0,0,0,0
34,125,1,1,1,1,1
15,76,1,1,1,1,1
31,117,1,0,0,0,1
59,93,1,1,1,1,1
2,36,0,0,0,0,0
82,85,0,0,0,0,0
66,117,1,1,0,1,1
51,77,0,0,0,0,0
36,56,0,0,0,0,0
49,64,0,0,0,0,0
83,99,0,1,0,0,0
62,109,0,0,0,0,0
32,76,1,0,0,0,0
24,73,1,0,1,1,1
15,90,0,0,0,0,0
69,94,0,0,0,0,0
25,90,0,0,0,0,0
62,63,0,0,0,0,0
36,64,0,0,0,0,0
61,122,1,0,0,0,0
14,21,0,0,0,0,0
8,90,0,0,0,0,0
14,110,0,1,0,0,0
88,122,0,0,0,0,0
26,46,0,0,0,0,0
3,94,0,0,0,0,0
17,31,0,0,0,0,0
40,82,0,0,0,0,0
77,124,0,0,0,0,0
37,107,1,0,0,0,0
40,78,0,0,0,0,0
31,99,0,0,0,0,0
96,100,0,1,0,0,1
14,124,0,0,0,0,0
93,99,0,0,0,1,0
7,112,0,0,0,0,0
91,101,0,0,0,0,0
33,110,0,0,0,0,0
21,94,1,0,1,1,0
73,87,0,0,0,0,0
49,97,0,0,0,0,0
123,124,0,0,0,0,0
67,97,0,0,0,0,0
100,101,0,0,1,0,0
65,82,0,1,1,1,1
66,80,0,0,0,0,0
57,103,0,0,0,0,1
62,80,0,0,0,0,0
69,76,1,0,0,0,0
98,106,0,0,0,0,0
4,37,0,0,0,0,0
49,122,0,0,0,0,0
12,55,0,0,0,0,0
32,56,0,0,0,0,0
6,44,0,0,0,0,0
59,61,0,0,0,0,0
80,106,0,0,0,0,0
19,124,0,0,0,0,0
26,112,0,0,0,0,0
79,118,0,0,0,0,0
111,116,0,1,0,0,0
45,120,0,0,0,0,0
40,63,0,0,0,0,0
79,112,0,0,0,1,0
51,122,0,1,1,0,0
52,107,1,1,0,0,0
64,120,0,0,0,0,0
100,118,0,0,0,0,0
27,77,0,0,0,0,0
12,49,1,1,1,1,1
34,35,0,0,0,0,0
53,116,0,0,0,0,0
44,74,0,0,0,0,0
12,33,0,0,0,0,0
14,65,1,1,1,0,0
15,44,0,0,0,0,0
76,87,1,1,1,1,1
6,83,0,0,0,0,0
4,77,1,0,0,1,0
93,123,0,1,0,0,0
2,82,0,0,0,0,0
15,27,0,0,0,0,0
79,85,0,0,0,0,0
6,20,0,0,0,0,0
27,73,0,0,0,0,0
85,98,1,1,1,1,1
52,99,0,1,0,0,0
87,99,0,0,0,0,0
19,77,0,0,0,0,0
68,117,1,1,0,0,0
36,76,0,0,0,0,0
26,91,0,0,0,0,0
32,68,0,0,0,0,0
34,100,0,0,0,0,0
56,74,0,0,0,0,1
24,109,0,0,0,0,0
51,91,0,0,0,0,0
41,77,0,0,0,0,0
45,99,0,0,0,0,0
83,104,0,0,0,0,1
15,117,1,0,0,1,0
106,112,1,1,1,0,1
59,120,0,0,0,0,0
45,61,0,0,0,0,0
53,103,0,0,0,0,0
79,101,0,0,0,0,1
69,100,0,0,0,0,0
33,60,0,0,0,0,0
85,117,1,0,1,1,1
34,69,0,0,0,0,0
20,120,0,0,0,0,0
70,90,0,0,1,0,0
87,109,0,0,0,0,0
32,46,0,0,0,0,1
44,103,0,0,0,0,0
8,53,0,0,0,0,0
42,123,0,0,0,0,0
65,78,0,0,0,0,0
3,109,0,0,0,0,0
57,99,0,0,0,0,0
52,57,0,0,0,0,0
68,102,0,0,0,0,0
26,88,0,0,0,0,0
57,63,0,0,0,0,0
41,107,0,0,0,0,1
77,103,0,0,0,0,0
51,104,0,0,0,0,0
79,80,0,0,0,0,0
52,82,0,0,0,0,0
103,111,0,0,0,0,0
17,45,0,0,0,0,0
21,52,0,0,0,1,0
36,94,1,1,0,0,1
19,44,1,1,1,1,1
59,73,0,0,0,0,0
88,91,0,0,0,0,0
73,116,0,0,0,0,0
76,120,1,0,0,1,0
25,56,0,0,0,0,0
35,40,1,1,1,1,1
2,118,0,0,0,0,0
20,67,0,0,0,0,0
78,112,0,0,1,0,0
59,124,0,0,0,0,0
73,102,0,0,0,0,0
26,52,0,0,0,0,0
35,94,1,0,0,1,0
87,125,0,0,0,0,0
4,91,0,0,0,0,0
57,74,0,0,0,0,0
36,82,0,0,0,0,0
34,124,0,0,0,0,0
14,42,0,0,0,0,0
31,116,0,0,0,0,0
2,37,0,0,0,0,0
61,93,0,0,0,0,0
15,87,1,1,1,1,1
83,88,0,0,0,1,0
14,82,0,0,0,0,0
64,112,0,0,0,0,0
51,76,0,0,0,0,0
36,57,0,0,0,0,0
49,67,0,0,0,0,0
32,77,0,0,0,0,0
19,33,1,0,0,0,0
31,106,0,0,0,0,0
67,88,0,0,1,0,1
34,117,0,0,0,0,0
69,87,0,0,0,0,0
73,94,0,1,1,1,1
15,93,0,0,0,0,0
25,91,0,0,0,0,0
33,109,0,1,0,0,0
36,63,1,1,1,1,0
104,109,0,0,0,0,0
61,121,0,0,0,0,0
14,20,0,0,0,0,0
8,91,0,0,0,0,0
107,125,0,0,0,0,0
14,111,0,0,0,0,0
88,123,0,0,0,0,0
67,100,1,0,0,0,0
3,93,0,0,0,0,0
40,93,1,1,1,1,1
74,104,0,0,0,0,0
40,83,0,0,0,0,0
77,125,0,0,0,0,0
37,104,0,0,1,0,0
98,99,0,0,0,0,0
45,83,0,0,0,1,1
31,98,1,1,0,1,0
14,123,0,0,0,0,0
27,46,0,0,0,0,0
31,40,0,0,0,0,0
93,98,0,0,0,0,0
6,59,1,1,0,1,1
7,111,0,0,0,0,0
91,106,0,0,0,0,0
93,112,1,1,1,1,1
13,27,0,0,0,0,0
70,109,0,0,0,0,0
73,84,0,0,0,0,0
49,90,0,0,0,0,0
15,62,0,0,0,0,0
78,96,0,0,0,0,0
67,90,0,0,0,0,0
100,102,0,0,1,0,0
32,104,1,0,0,0,0
66,81,0,0,0,0,0
62,81,0,0,0,0,0
49,70,0,0,0,0,0
46,79,0,0,0,0,0
69,77,0,0,0,0,0
98,109,0,0,0,0,0
12,56,0,0,0,0,0
32,57,1,0,0,0,1
67,81,0,0,0,0,0
17,100,0,0,0,0,0
80,81,0,0,0,0,0
46,112,0,0,0,0,0
59,62,0,0,0,0,0
80,107,1,1,1,1,1
19,125,1,1,1,1,1
26,111,0,0,0,0,0
20,29,0,0,0,0,0
36,109,0,0,0,0,0
36,110,0,0,0,0,0
85,107,0,1,0,0,0
40,60,0,0,0,0,0
79,111,0,0,0,1,0
4,73,0,0,0,0,0
51,123,0,0,0,0,0
52,106,0,0,0,0,0
17,124,1,0,0,0,0
13,53,1,0,0,0,0
83,112,0,0,0,0,0
34,42,1,1,1,1,0
6,96,0,0,0,0,0
13,34,0,0,0,1,0
19,102,1,0,0,0,0
84,104,0,0,0,0,0
14,64,0,0,0,0,0
15,45,0,0,0,0,1
99,118,0,0,0,0,0
17,93,0,0,0,0,0
6,82,0,0,0,0,0
53,94,0,0,0,0,0
2,81,0,0,0,0,0
57,121,0,0,0,0,0
15,122,0,0,0,0,0
85,99,0,0,1,0,0
41,118,1,0,0,0,0
68,116,1,1,0,0,0
36,123,0,0,0,0,0
36,77,0,0,0,0,0
52,66,0,0,0,0,0
62,74,0,0,0,0,0
26,90,0,0,0,0,0
3,6,0,0,0,0,0
85,122,0,0,0,0,0
51,90,0,0,1,0,1
41,74,0,0,0,0,0
21,104,0,0,0,0,0
83,107,0,0,1,0,0
51,111,0,0,0,0,0
15,116,0,0,0,0,0
59,121,0,0,0,0,0
7,59,0,0,0,0,0
45,60,0,0,1,0,0
53,104,1,1,1,0,1
27,109,0,0,0,0,0
79,102,0,0,0,0,0
85,118,0,0,0,1,1
34,68,1,0,1,1,1
20,121,0,0,0,0,0
35,111,1,1,1,1,1
27,60,0,0,0,0,0
70,91,0,0,0,1,0
81,121,0,0,0,0,0
32,41,0,0,1,1,1
59,117,0,0,0,0,0
7,42,1,1,1,1,1
26,100,0,0,0,0,0
25,121,0,0,0,0,0
65,79,0,0,0,0,0
3,124,0,0,0,0,0
7,74,0,0,0,0,0
12,103,0,0,0,0,0
57,98,0,0,0,0,0
21,98,0,0,0,0,0
68,103,0,0,0,0,0
41,67,0,0,0,0,0
61,94,0,0,0,0,1
37,73,0,0,0,0,1
57,60,0,0,0,1,0
41,106,0,0,0,0,0
27,85,0,0,0,0,0
77,100,0,0,0,0,0
79,81,0,0,0,0,0
52,81,0,0,0,0,0
17,46,0,0,0,0,0
45,123,0,0,0,0,0
21,53,0,0,0,0,0
19,55,0,0,0,0,0
8,110,0,0,0,0,0
3,14,1,1,1,1,1
19,45,0,0,0,0,0
31,84,0,0,0,0,0
29,73,0,0,0,0,0
37,122,0,0,0,0,0
26,120,0,1,0,1,0
88,90,0,0,0,0,0
5,68,0,0,0,0,0
61,104,0,0,0,0,0
44,110,0,0,0,0,0
44,60,0,0,0,0,0
25,57,0,0,0,0,0
53,66,1,0,0,0,1
81,93,0,1,1,1,1
19,26,0,0,0,0,0
35,41,0,0,0,0,0
100,111,0,0,0,0,0
13,124,1,1,0,1,1
20,60,0,0,0,0,0
34,76,0,0,0,0,0
73,103,0,0,0,0,0
26,51,0,0,0,0,0
29,46,0,0,0,0,0
83,93,0,0,0,0,0
21,77,0,0,0,0,0
87,124,0,0,0,0,0
104,121,0,0,0,0,0
25,31,0,0,0,0,0
14,45,0,0,0,0,0
78,121,0,0,1,0,0
61,90,0,0,0,0,0
15,84,0,0,0,0,0
4,110,1,0,1,0,0
49,88,0,0,0,0,0
31,53,1,0,0,0,0
49,66,0,0,0,0,0
53,88,0,0,1,0,0
32,70,0,1,0,1,0
19,32,0,0,0,0,0
19,36,0,0,0,0,0
31,107,0,0,0,0,0
73,97,1,1,1,1,1
25,96,0,0,0,0,0
59,87,0,0,0,0,0
34,51,0,0,0,0,0
36,62,0,0,0,0,0
61,120,0,0,0,0,0
14,27,0,0,0,0,0
25,62,0,0,0,0,0
8,96,0,0,0,0,0
2,34,0,0,0,0,0
14,116,0,0,0,0,0
88,120,0,0,0,1,0
60,68,1,0,0,0,0
17,33,1,0,0,1,0
40,84,1,1,1,1,1
52,69,0,0,0,0,0
44,77,0,0,0,0,0
45,82,0,0,0,1,0
12,76,0,0,0,0,0
31,97,0,0,0,0,0
14,122,0,0,0,0,0
27,45,0,0,0,0,0
31,41,0,0,0,0,0
93,97,0,0,0,0,0
7,110,1,0,0,0,0
91,107,0,0,0,0,0
93,111,0,0,1,1,1
33,112,0,0,0,0,0
73,85,0,0,0,0,0
49,91,0,0,0,0,0
78,97,1,0,0,0,0
67,91,0,0,0,0,0
100,103,0,0,0,1,0
32,107,0,0,0,0,0
66,82,0,0,0,0,0
62,82,0,0,0,0,0
46,78,0,0,0,0,0
69,70,0,0,0,0,0
12,57,0,0,0,0,0
93,109,1,1,1,1,1
80,82,0,0,0,0,0
83,109,0,0,0,0,0
59,63,0,0,0,0,0
80,100,1,0,0,0,0
26,110,0,0,0,0,0
7,77,0,0,0,0,0
60,70,0,0,0,0,0
111,118,0,0,0,0,0
36,111,0,0,0,0,0
31,85,0,0,1,0,1
40,61,0,0,0,0,0
79,110,0,0,0,0,0
17,125,1,1,1,1,1
13,52,0,0,1,1,0
34,41,0,1,0,0,0
59,109,1,1,1,1,1
6,93,1,1,1,0,0
8,73,0,0,0,0,0
19,103,0,0,0,0,0
64,107,0,0,0,0,0
44,76,0,0,0,0,0
12,31,0,0,0,0,0
14,63,0,0,0,0,0
62,91,0,1,1,0,1
6,104,0,0,0,0,0
2,40,0,0,0,0,0
6,81,1,1,1,1,1
76,77,0,0,0,0,0
17,19,1,0,1,1,1
2,80,0,0,0,0,0
15,29,0,0,1,0,0
55,74,0,0,0,0,0
76,101,0,0,0,0,0
68,111,0,0,0,0,0
62,77,0,0,0,0,0
51,93,0,0,0,0,0
41,110,0,1,0,0,0
8,49,0,0,0,0,0
21,107,0,1,1,1,1
83,106,0,0,0,0,0
51,110,0,0,0,0,0
59,122,0,0,0,0,0
25,49,1,1,1,1,1
33,80,0,0,0,0,0
79,103,0,0,0,0,0
55,120,0,0,0,0,0
67,116,0,0,0,0,0
20,122,1,1,1,0,1
64,65,0,0,0,0,0
27,70,0,0,0,0,0
34,59,0,0,0,0,0
5,78,0,0,0,0,0
32,40,0,0,0,0,0
59,116,0,0,0,0,0
49,51,0,0,0,0,0
8,51,0,0,0,0,0
26,101,0,0,0,0,0
62,112,0,0,0,0,0
3,125,1,0,0,0,0
12,102,0,0,0,0,0
57,97,0,0,1,0,0
8,34,0,0,0,0,0
68,100,0,0,0,0,0
44,83,0,0,0,0,0
57,61,0,0,0,0,0
27,84,0,0,0,0,0
77,101,0,1,0,0,1
32,69,1,1,1,1,1
52,80,1,1,0,1,1
79,93,0,0,0,0,0
8,111,0,0,0,0,0
19,42,1,1,0,1,1
46,125,0,0,0,0,0
29,74,0,0,0,0,0
26,121,0,0,1,0,0
61,107,0,0,0,0,0
13,79,0,0,0,0,0
73,118,0,0,0,0,0
7,17,1,1,1,1,1
81,94,0,0,0,0,0
5,6,0,0,0,0,0
37,101,0,0,0,0,0
35,42,0,0,0,0,0
69,107,0,0,0,0,0
13,125,0,0,0,1,0
20,61,0,0,0,0,0
34,77,0,0,0,0,0
44,59,0,0,0,0,0
73,100,0,0,1,0,0
64,70,0,0,1,0,1
88,102,1,1,0,0,0
44,53,0,0,0,0,0
33,91,0,0,1,1,0
87,123,0,0,0,0,0
24,59,0,0,0,0,0
25,32,0,0,0,0,0
56,69,0,0,1,0,0
4,8,0,0,0,0,0
14,44,0,0,0,0,0
78,120,0,0,0,0,0
2,35,0,0,0,0,0
61,91,0,0,0,0,0
15,85,0,1,0,0,0
51,74,0,0,0,0,0
31,52,0,0,0,0,0
36,55,0,0,0,0,0
49,61,0,0,0,0,0
63,101,1,1,1,1,1
31,100,0,0,0,0,0
24,70,1,1,1,1,1
76,118,0,0,0,1,0
73,96,0,0,0,0,1
25,97,0,0,0,0,0
59,84,1,1,0,1,1
36,61,0,0,0,0,0
14,26,0,0,0,0,0
76,98,0,0,0,0,0
8,97,0,0,0,0,0
14,117,0,1,0,0,0
88,121,0,0,0,1,0
99,102,0,0,0,0,0
26,49,0,0,0,0,0
68,88,0,0,0,0,0
3,91,0,0,0,0,0
60,69,0,0,0,0,0
27,123,0,0,0,0,0
17,32,0,0,0,0,0
40,85,0,0,0,0,0
111,124,0,0,0,0,0
37,102,1,0,0,0,0
33,62,0,1,0,0,0
41,63,0,0,0,0,0
12,77,0,0,0,0,0
31,96,1,0,0,0,0
14,121,0,0,0,0,0
27,44,0,0,0,0,0
31,42,0,0,0,0,0
93,96,0,0,0,0,0
19,25,0,0,0,0,0
91,104,0,0,0,0,0
93,110,0,0,0,0,0
37,51,0,0,0,0,0
13,25,0,0,0,0,0
56,103,0,0,0,0,0
70,116,0,0,0,0,0
73,82,0,0,0,0,0
5,64,0,0,0,0,0
56,100,0,0,0,0,0
78,90,0,0,0,1,0
33,83,0,0,0,0,0
29,59,0,0,0,0,0
32,106,0,0,0,0,0
80,111,0,0,0,0,0
66,83,0,0,0,0,0
79,125,0,0,0,0,0
97,112,0,0,0,0,0
102,103,0,0,0,0,0
5,59,0,0,0,0,0
32,55,0,0,0,0,0
6,49,1,1,1,1,1
80,83,0,0,0,0,0
80,101,1,1,1,1,1
7,76,0,0,0,0,0
35,100,0,0,0,0,0
107,120,0,0,0,0,0
45,125,0,0,0,0,0
40,66,0,0,0,0,0
52,104,0,0,1,0,0
78,93,0,0,0,0,1
83,110,0,0,0,0,0
59,106,1,0,1,1,1
55,67,0,0,0,0,0
19,100,0,0,0,0,0
44,79,1,0,0,0,0
12,36,0,0,0,0,0
14,62,0,0,0,0,0
76,88,0,0,0,0,0
62,90,1,1,1,1,1
17,91,1,1,1,1,1
6,80,0,0,0,0,0
4,99,1,0,0,0,0
2,87,0,0,0,0,0
17,85,0,0,0,0,0
35,122,0,0,0,0,0
6,25,1,0,1,1,1
46,60,0,0,0,0,0
91,122,1,1,1,1,1
52,94,0,1,1,1,1
76,100,0,1,1,0,0
68,110,1,0,0,0,0
14,59,0,0,0,0,0
62,76,0,0,0,0,0
6,125,0,0,0,0,0
40,109,1,1,1,1,1
13,68,0,0,0,0,1
21,106,1,0,1,1,0
15,118,0,0,0,0,0
106,117,0,0,0,0,0
5,12,0,0,0,0,0
33,81,0,0,0,0,0
53,106,0,0,0,0,0
24,41,0,0,0,0,0
33,79,0,0,0,1,1
79,104,0,0,0,0,0
55,121,1,0,0,0,0
21,70,0,0,0,0,0
67,117,0,0,0,1,0
20,123,0,0,0,0,0
70,93,0,0,0,0,0
49,52,0,0,0,0,0
4,31,0,0,0,0,0
26,102,0,0,0,0,0
62,111,0,0,0,0,0
20,42,1,1,0,1,0
3,122,0,0,0,0,0
12,101,0,0,0,0,0
57,96,0,0,0,0,1
21,96,0,0,0,0,0
68,101,1,0,0,0,0
41,104,0,0,0,0,1
77,106,0,0,0,0,0
79,83,0,0,1,0,0
17,40,0,0,0,0,0
21,51,0,0,0,1,1
3,26,0,0,0,0,0
36,93,0,0,0,0,0
19,57,0,0,0,0,0
13,97,0,0,0,1,1
42,68,1,1,1,0,1
59,70,0,0,0,0,0
61,106,0,0,1,0,1
13,78,0,0,0,0,0
76,125,0,0,0,0,0
25,55,0,1,0,1,0
20,111,0,0,0,0,0
46,91,0,0,0,0,0
68,91,1,1,1,1,1
55,60,0,0,0,0,0
13,122,0,0,0,0,0
20,62,1,1,0,1,0
34,74,0,0,0,0,0
73,101,1,1,1,1,1
64,77,0,0,0,0,0
94,98,0,0,0,0,0
6,19,0,0,0,0,0
26,57,0,0,0,0,0
44,52,0,0,0,0,0
33,90,0,0,0,0,0
87,122,0,0,0,0,0
81,88,0,0,0,0,0
25,33,0,0,0,0,0
24,120,0,0,0,0,0
25,124,0,0,0,0,0
2,49,0,0,0,0,0
56,68,0,0,0,0,0
78,123,1,1,0,1,0
61,96,0,0,0,0,0
15,82,1,1,1,1,1
61,99,0,1,0,0,1
31,51,0,0,0,0,0
31,68,0,0,0,0,0
49,60,0,0,0,0,0
65,98,0,0,0,0,0
5,20,0,0,1,0,0
63,100,0,0,0,0,0
31,101,0,0,0,1,0
73,91,0,0,0,0,0
31,81,0,0,0,0,0
59,85,0,0,0,0,0
36,60,0,0,0,0,0
2,103,0,0,0,0,0
14,25,0,0,0,0,0
76,99,0,0,0,0,0
8,94,0,0,0,0,0
90,122,1,1,1,1,1
99,103,0,0,0,0,0
65,112,0,0,0,0,0
3,90,0,0,0,0,0
40,90,0,0,0,0,0
17,35,0,0,0,0,0
111,125,0,0,0,0,0
37,103,0,0,0,0,0
61,110,0,0,0,0,0
45,80,0,0,0,0,0
14,120,1,1,0,0,0
83,94,0,0,0,1,0
93,117,0,0,0,0,0
13,24,1,0,0,0,0
56,102,0,0,0,0,0
70,117,0,0,0,0,0
73,83,0,0,1,0,0
87,91,0,0,0,0,0
49,93,1,0,1,1,0
5,65,0,0,0,0,0
78,91,0,1,0,0,1
67,93,0,0,0,0,0
57,81,0,0,0,0,0
66,84,0,0,0,0,0
63,116,1,1,0,0,0
97,111,0,0,0,0,0
88,112,0,0,0,0,0
12,51,0,0,0,0,0
32,52,0,0,0,0,0
56,78,0,0,0,0,0
80,102,0,1,0,1,0
26,116,0,0,0,0,0
35,101,0,0,0,0,0
45,124,0,0,0,0,0
31,87,0,0,0,0,1
84,122,0,0,0,0,0
40,67,0,0,0,0,0
52,103,0,0,0,0,0
5,73,0,0,0,0,0
83,111,0,0,0,0,0
59,107,0,0,0,0,0
90,118,0,0,0,0,0
19,101,0,1,0,0,0
53,112,0,0,0,0,0
44,78,1,0,0,0,0
12,37,0,0,0,0,0
53,79,0,0,0,0,0
14,61,0,0,0,0,0
70,125,0,0,0,0,0
17,90,1,0,1,1,1
46,124,0,0,0,0,0
27,90,0,0,0,0,0
34,111,0,0,0,0,0
6,24,0,0,0,0,0
46,61,0,0,0,0,0
85,94,0,0,0,0,0
76,103,1,1,1,1,1
104,112,0,0,0,0,0
6,124,0,0,0,0,0
21,33,1,0,0,0,1
41,112,0,0,0,0,0
25,110,0,0,0,0,0
6,55,0,0,0,0,0
13,69,0,0,0,0,0
21,101,0,0,0,0,0
51,112,0,0,0,0,0
106,116,0,0,0,0,0
45,65,0,0,0,0,0
53,107,0,0,0,0,0
33,78,1,1,0,1,1
67,73,0,0,0,0,0
55,122,0,0,0,0,0
32,42,0,0,0,0,0
59,118,0,0,0,0,0
49,53,0,0,0,0,0
29,69,0,0,0,0,0
66,118,1,1,1,1,1
52,61,0,0,0,0,0
62,110,0,0,0,0,0
7,68,1,1,0,1,1
4,67,1,0,0,0,0
112,125,0,0,0,0,0
3,123,0,0,0,0,0
12,100,0,0,0,0,0
2,46,0,0,0,0,0
68,106,0,0,0,0,0
37,70,1,1,0,0,1
42,88,0,0,0,0,0
77,107,0,0,0,0,0
62,122,1,1,1,1,1
17,41,0,0,0,0,0
79,91,1,0,0,0,0
21,56,0,0,0,0,0
36,90,0,0,0,1,0
19,56,0,0,0,0,0
35,121,0,0,0,0,0
4,93,0,0,0,0,0
19,40,0,0,0,0,0
104,110,0,0,1,0,0
13,96,1,0,0,1,1
42,69,0,0,0,0,0
59,77,0,0,0,0,0
29,76,0,0,0,0,0
61,109,0,0,0,0,0
41,65,0,0,0,0,0
76,124,0,0,0,0,0
7,15,0,0,0,0,0
20,110,0,0,0,0,1
81,96,0,0,0,0,0
46,90,0,0,0,0,0
12,90,0,0,0,0,0
68,90,1,1,1,1,1
55,61,1,1,1,1,1
46,82,0,0,0,0,0
13,123,0,0,0,0,0
74,116,0,0,0,0,0
20,63,0,0,0,0,0
78,116,0,1,1,1,0
97,123,0,0,0,0,0
64,76,0,0,0,0,0
94,99,0,0,0,1,0
26,56,0,1,1,1,1
44,51,0,0,0,0,0
33,93,0,0,0,0,0
87,121,0,0,0,0,0
25,34,1,0,0,0,0
24,121,0,0,1,1,0
34,120,0,0,0,0,0
15,79,0,0,0,0,0
14,46,1,0,0,1,0
78,122,1,0,0,0,1
61,97,0,0,0,0,0
51,88,0,0,0,0,0
15,83,0,1,0,0,0
4,6,0,0,0,0,0
100,112,0,0,0,0,0
8,63,0,0,0,0,0
31,69,0,0,1,0,0
49,63,0,0,0,0,0
104,120,0,1,0,0,0
65,99,0,0,0,0,0
5,21,0,0,0,0,0
32,116,0,0,0,0,0
32,73,0,0,0,0,0
19,37,0,0,0,0,0
31,102,0,0,1,0,0
76,116,0,0,0,0,0
73,90,0,0,0,0,0
59,82,0,0,0,0,0
25,52,0,0,0,0,0
46,116,0,0,0,0,0
2,102,0,0,0,0,0
61,125,0,0,0,0,0
14,24,0,0,0,0,0
21,67,0,0,0,0,0
62,85,0,0,0,0,0
99,100,0,0,0,0,0
36,112,0,0,0,0,0
40,97,0,0,0,0,0
51,61,0,0,0,0,0
17,34,1,1,1,1,1
40,87,0,0,0,0,0
65,109,0,0,0,0,0
37,100,0,0,1,0,1
61,111,0,0,0,0,0
45,87,0,0,1,1,0
26,70,0,0,0,0,0
5,49,0,0,0,0,0
29,107,0,0,0,0,0
31,94,0,0,0,0,0
27,42,0,0,0,0,0
31,44,0,0,0,0,0
93,94,0,0,0,0,0
101,103,0,0,0,0,0
93,116,1,1,1,1,0
37,53,0,0,0,0,0
52,65,0,0,0,0,0
73,80,0,1,1,1,1
102,117,1,0,0,0,1
44,45,0,0,0,0,0
26,27,0,0,0,0,0
66,85,1,1,1,1,1
63,117,0,0,0,0,0
97,110,0,0,1,0,0
69,73,0,0,0,0,0
12,121,0,0,0,0,0
88,111,0,0,0,0,0
12,52,0,0,0,0,0
32,53,0,1,0,0,0
93,104,0,0,0,0,0
80,103,0,0,0,0,0
25,125,0,0,0,0,0
7,70,0,0,0,0,0
35,102,0,0,0,0,0
35,80,0,0,0,0,0
85,103,0,0,0,0,0
84,123,0,0,0,0,0
40,64,0,0,0,0,0
99,120,0,0,0,0,0
52,102,0,1,0,0,0
13,57,0,0,0,0,0
82,102,0,0,0,0,0
34,46,0,0,0,0,0
59,104,0,0,0,0,0
15,17,0,0,0,0,0
19,106,0,0,0,0,0
53,111,0,0,0,0,0
59,66,0,0,0,0,0
12,34,0,0,0,0,0
53,78,0,0,0,0,0
14,60,0,1,1,1,0
70,124,1,1,1,1,1
4,125,0,0,0,1,0
20,25,0,0,0,0,0
17,97,0,0,1,0,0
6,100,0,0,0,0,0
27,91,0,0,0,0,0
2,85,0,0,0,0,0
34,112,0,0,0,0,0
6,27,0,0,0,0,0
46,62,0,0,0,0,0
97,122,0,1,0,0,0
33,84,0,0,0,0,0
2,98,0,0,0,0,0
52,96,1,0,0,0,1
76,102,0,1,0,0,0
68,112,0,0,0,0,0
122,124,0,0,0,0,0
64,99,0,0,0,0,0
81,116,0,0,0,0,0
42,79,0,0,0,0,1
31,88,0,1,0,1,0
59,123,0,0,0,0,0
41,78,0,0,0,0,0
13,66,0,0,0,0,0
21,100,0,0,0,0,0
44,64,0,1,1,1,1
45,64,0,0,0,0,0
67,70,0,0,0,0,0
79,106,0,1,0,0,0
55,123,1,1,1,1,1
88,103,0,0,0,0,0
29,68,0,0,0,0,0
4,33,0,0,0,0,0
62,117,0,0,0,0,0
7,31,0,0,0,0,0
7,69,0,0,0,0,0
4,66,1,1,1,1,1
20,40,0,0,0,0,0
112,124,0,0,0,0,0
3,120,0,0,0,0,0
12,107,0,0,0,0,0
57,94,0,0,0,0,0
2,45,0,0,0,0,0
79,88,0,0,0,0,0
68,107,0,0,1,0,0
21,46,0,0,0,0,0
37,77,0,0,0,0,0
90,91,1,1,1,1,1
41,102,1,0,0,1,0
77,104,0,0,1,0,1
15,73,0,0,0,0,0
62,123,0,0,0,0,0
17,42,1,1,1,1,1
79,90,0,1,0,0,0
57,88,1,1,0,1,0
63,102,0,0,0,0,0
21,57,0,0,0,0,0
36,91,0,0,0,0,1
19,51,0,0,0,0,0
19,41,0,0,0,0,0
59,76,0,0,0,0,1
29,77,0,0,0,0,0
6,123,0,0,0,0,0
41,64,0,0,0,0,0
25,53,0,0,0,0,0
7,14,0,0,0,0,0
14,109,0,0,0,0,0
81,97,0,0,0,0,0
46,93,0,0,0,0,0
12,91,0,0,0,0,0
68,93,0,0,0,0,0
55,62,0,0,0,0,1
46,83,0,0,0,0,0
13,120,0,0,0,0,0
74,117,0,0,0,0,0
6,78,1,0,0,0,0
78,117,0,0,0,0,0
57,111,0,0,0,0,0
26,55,0,0,0,0,0
87,120,1,1,1,1,0
25,35,1,0,1,1,1
24,122,0,0,0,0,0
34,123,0,0,0,0,0
15,78,0,0,0,0,0
63,65,0,0,0,0,1
98,118,1,1,1,1,1
15,80,0,0,0,0,0
69,79,0,0,0,0,0
51,106,0,0,0,0,0
90,98,0,0,0,0,0
31,57,1,1,0,0,1
8,62,0,0,0,0,0
49,62,0,0,0,0,0
7,123,0,0,0,0,0
65,96,0,1,0,0,0
32,117,1,1,1,1,0
57,84,0,0,0,0,0
63,106,1,1,1,0,0
31,103,1,1,0,0,0
42,122,1,1,1,1,1
76,117,0,0,0,0,0
73,93,0,0,0,0,0
59,83,0,0,0,0,0
33,102,1,0,0,0,0
41,125,0,0,0,0,0
2,101,0,0,0,0,0
61,124,0,0,0,0,1
21,66,0,0,0,0,0
35,74,0,0,0,0,0
99,101,0,0,1,0,0
40,96,0,0,0,0,0
17,37,0,0,0,0,0
21,27,0,0,0,0,0
33,65,0,1,0,0,0
26,73,0,0,0,0,0
29,106,0,0,0,0,0
31,93,0,0,0,0,0
27,41,0,0,0,0,0
31,45,0,0,0,0,1
101,102,0,0,0,0,0
37,52,0,0,0,0,1
29,82,0,0,0,0,0
4,49,0,0,0,0,0
73,81,0,0,0,0,0
5,67,0,0,0,0,0
44,46,0,0,0,0,0
63,110,0,0,0,0,0
102,106,0,0,0,0,0
12,120,0,0,0,0,0
88,110,0,0,0,0,0
29,96,0,0,0,1,0
2,5,0,0,0,0,0
12,53,0,0,0,0,0
36,124,1,1,1,1,1
7,73,0,0,0,0,0
35,103,0,0,0,0,0
35,81,1,1,1,1,1
85,102,0,0,0,0,0
84,120,0,0,0,0,0
40,65,0,0,0,0,0
90,125,1,0,1,1,1
42,106,0,0,0,0,0
37,67,0,0,0,0,0
99,121,0,0,0,0,0
52,101,1,1,1,1,1
65,117,0,0,0,0,0
90,96,0,0,0,0,0
13,56,0,0,0,0,0
82,103,1,1,1,1,1
34,45,0,0,0,0,0
8,81,0,0,0,0,0
41,101,0,0,0,0,0
19,107,0,0,0,0,0
53,110,1,0,1,1,1
57,118,1,0,0,0,1
12,35,1,0,1,1,1
99,117,0,0,0,0,0
4,124,0,0,0,0,0
83,118,0,0,1,0,0
17,96,0,0,0,0,0
2,67,0,0,0,0,0
2,84,0,0,0,0,0
94,118,0,0,0,0,0
62,120,0,0,0,0,0
6,26,1,0,0,0,0
46,63,0,0,0,0,0
60,83,1,0,0,0,0
85,96,0,0,0,0,0
2,99,0,0,0,0,0
52,97,0,1,0,0,1
37,42,0,0,0,0,0
122,125,1,0,1,1,1
64,98,0,0,0,0,0
81,117,0,0,0,0,0
42,78,0,0,0,1,1
12,61,0,0,0,0,0
15,107,0,0,0,0,0
3,29,0,0,0,0,0
8,45,0,0,0,0,0
41,79,0,0,0,0,0
13,67,0,0,0,1,0
21,103,0,0,0,0,0
45,67,1,0,0,1,0
61,112,0,0,0,0,0
79,107,1,0,0,0,0
55,124,0,0,0,0,0
33,61,1,1,0,1,0
21,73,0,0,0,0,0
60,102,0,1,0,0,1
27,67,0,0,0,0,0
49,107,0,0,0,0,0
49,55,0,0,0,0,0
80,125,0,0,0,0,0
29,67,0,0,0,0,0
66,116,0,0,0,0,0
62,116,0,0,1,0,0
4,65,0,0,0,0,0
20,41,0,0,0,0,0
3,121,0,0,0,0,0
12,106,1,1,0,1,1
57,93,0,0,0,0,0
2,44,0,1,0,0,1
68,104,0,0,0,0,0
69,88,0,0,1,0,0
42,51,0,0,0,0,0
37,76,0,0,0,0,1
66,122,0,0,0,0,0
79,97,0,0,0,0,0
19,76,0,0,0,0,0
51,68,0,0,1,0,1
13,94,0,1,1,0,1
82,99,0,0,0,0,0
70,88,0,1,0,0,0
110,125,1,0,1,0,0
20,112,0,0,0,0,0
81,98,0,0,0,0,0
99,112,0,0,0,0,0
55,63,0,0,0,0,1
46,80,0,0,0,0,0
13,121,0,1,1,0,1
74,110,0,1,0,0,0
6,79,0,0,0,0,0
78,118,0,0,0,0,0
5,14,0,1,0,0,0
64,74,0,0,0,0,0
4,74,0,0,0,0,0
6,14,0,0,0,0,0
44,57,0,0,0,0,0
25,36,0,0,0,0,0
24,123,0,0,0,0,0
13,104,0,0,0,0,0
36,88,0,0,0,0,0
34,122,1,1,0,0,1
31,118,0,0,0,0,0
63,64,0,0,0,0,0
15,81,0,0,0,0,0
65,123,0,0,0,0,0
90,99,0,0,1,0,0
31,56,1,0,1,0,0
8,61,1,1,1,1,1
36,59,0,0,0,0,0
83,90,0,0,0,0,0
65,97,0,0,0,0,0
57,85,0,0,0,0,0
19,35,0,0,0,0,0
25,61,0,0,0,0,0
46,59,0,0,0,0,0
98,123,0,0,0,0,0
59,80,0,0,0,0,0
33,103,0,0,0,0,0
41,124,0,0,0,0,0
2,100,0,0,0,0,0
17,79,0,0,0,0,1
21,65,0,0,0,0,0
35,77,0,0,0,0,0
99,106,0,1,1,0,0
90,109,0,0,0,0,0
49,78,0,0,0,0,0
17,36,1,0,0,1,0
97,124,0,1,1,1,1
21,26,0,0,0,0,0
111,120,0,0,0,0,0
45,85,0,0,0,0,0
12,73,0,0,0,0,0
29,101,0,0,0,0,1
96,125,0,0,0,0,0
27,40,0,0,0,0,0
31,46,0,0,0,1,0
83,123,0,0,0,0,0
45,74,0,0,0,0,0
37,55,0,0,0,0,0
52,67,0,0,0,0,0
56,107,0,0,0,0,0
102,111,0,0,0,0,0
15,63,0,0,0,0,0
20,88,0,0,0,0,0
88,107,0,0,0,0,0
100,122,0,0,0,0,0
46,118,0,0,1,0,1
19,78,0,0,0,1,0
66,87,0,0,0,1,0
63,111,1,0,0,0,0
102,107,0,0,0,0,0
27,55,0,0,0,0,0
12,123,0,0,0,0,0
88,117,0,0,0,0,0
29,97,0,0,1,1,0
32,51,0,0,0,0,0
17,59,0,0,0,0,0
6,98,0,0,0,0,0
93,106,1,1,1,1,1
41,49,0,0,0,0,0
59,68,0,0,0,0,0
35,104,0,0,0,0,0
34,40,0,0,0,0,0
35,82,0,0,0,0,0
31,82,0,0,0,1,0
84,121,0,0,0,0,0
79,124,0,0,1,0,0
42,107,0,0,0,0,0
99,122,1,1,0,1,0
52,100,0,0,0,0,0
25,78,0,0,0,0,0
5,70,1,0,0,0,0
13,55,0,0,0,0,0
82,100,1,1,0,1,1
34,44,1,1,1,0,1
8,80,0,0,0,0,0
106,124,0,0,0,0,0
59,102,0,0,0,0,0
33,85,0,0,0,0,0
56,79,0,0,0,0,0
8,78,0,1,0,1,1
19,104,1,0,0,0,0
99,116,1,1,1,0,0
4,123,0,0,0,0,0
27,93,0,0,0,0,0
25,101,0,0,0,0,0
96,98,0,0,0,0,0
60,80,0,0,0,0,0
85,97,0,0,0,0,0
52,90,1,0,0,0,1
91,99,0,0,0,1,0
76,104,0,0,0,0,0
8,101,0,0,0,0,0
36,122,1,0,0,0,0
6,121,0,0,0,0,0
12,60,0,0,0,0,0
13,64,0,1,0,0,0
21,102,0,0,0,0,0
51,117,0,0,0,0,0
62,68,1,1,1,1,1
45,66,0,0,0,0,0
27,103,0,0,0,0,0
67,76,0,0,0,0,0
55,125,0,0,0,0,0
21,74,0,0,0,0,0
17,68,1,1,1,1,0
62,93,0,0,0,0,0
60,103,0,0,0,0,0
35,110,0,0,0,0,0
27,66,0,0,0,0,0
49,106,1,1,1,1,1
49,56,0,0,0,0,0
80,122,0,0,0,0,0
29,66,0,0,0,0,0
107,118,0,0,0,0,0
20,79,0,0,0,0,0
7,33,0,0,1,0,0
25,120,0,0,0,0,0
4,64,0,1,0,0,0
20,46,0,0,0,0,0
40,118,0,0,0,0,0
116,121,0,0,0,0,1
79,87,0,0,0,0,0
79,96,0,0,1,0,0
45,122,0,0,0,0,0
21,55,1,1,1,1,1
19,53,0,0,0,0,0
13,93,0,0,0,0,0
85,106,0,0,0,0,0
59,74,0,0,0,0,0
82,98,0,0,0,0,0
51,107,1,1,1,1,1
102,118,0,0,0,0,0
65,69,0,1,0,0,0
41,66,1,1,0,0,1
52,60,0,0,0,0,0
44,61,0,0,0,0,0
25,51,0,0,0,1,0
81,99,0,0,0,1,0
12,93,0,1,1,1,0
24,91,0,0,0,0,0
100,110,0,0,0,0,0
55,64,0,0,0,0,0
34,88,0,0,0,0,0
46,81,0,0,0,0,0
74,111,0,0,0,0,0
63,88,0,0,0,0,0
34,78,0,0,1,0,1
55,109,0,0,1,0,0
6,15,0,0,0,0,0
44,56,0,0,0,0,0
7,120,0,0,0,0,0
33,94,0,0,0,0,1
25,37,0,0,0,0,0
24,124,0,1,1,1,1
63,67,0,0,0,0,0
98,116,0,0,0,0,0
53,62,0,0,0,0,0
20,51,0,0,0,0,0
100,117,0,1,0,0,0
31,55,0,0,0,0,0
8,60,0,0,0,0,0
7,121,0,0,0,0,0
65,94,0,0,0,0,0
5,24,0,0,0,0,0
19,34,1,1,1,1,1
25,60,0,0,0,0,0
55,99,1,1,1,1,1
98,122,0,0,0,0,0
3,53,1,1,0,1,1
25,98,0,0,0,0,0
59,81,1,1,1,1,1
6,111,1,1,1,1,1
33,100,0,0,0,0,0
13,37,0,0,0,0,0
2,107,0,0,0,0,0
17,78,1,1,1,0,0
14,29,0,0,0,0,0
21,64,0,0,0,0,0
14,118,0,0,0,0,0
67,109,0,0,0,0,0
35,76,0,0,0,0,0
99,107,0,0,1,0,1
40,94,0,0,0,0,0
121,123,0,0,0,0,0
49,79,0,0,0,0,0
19,117,0,0,0,0,0
21,25,0,0,0,0,1
111,121,0,0,0,0,0
33,67,0,0,0,0,0
12,70,0,0,0,0,0
29,100,0,0,0,1,0
31,91,0,0,0,0,0
96,124,0,0,0,1,1
103,118,0,0,0,0,0
83,122,0,0,0,0,0
33,118,0,0,0,0,0
19,27,0,0,0,0,0
56,106,0,0,0,0,0
66,68,0,0,0,0,0
91,97,1,0,0,0,0
81,103,0,0,0,0,0
46,109,0,0,0,0,0
66,88,0,0,0,0,0
62,88,0,0,0,0,0
63,112,0,0,0,0,0
102,104,1,0,0,0,1
27,56,0,0,0,0,0
6,51,0,0,0,0,0
12,122,0,0,0,0,0
88,116,0,0,0,0,0
29,94,0,0,0,0,0
93,107,0,0,0,0,0
69,116,0,0,0,0,0
7,49,0,0,0,0,0
36,41,0,0,0,0,0
35,83,0,0,0,0,0
24,82,0,0,0,0,0
31,83,0,0,0,0,0
42,104,0,0,0,0,0
99,123,1,1,1,1,0
25,79,0,0,0,0,0
5,77,0,0,0,0,0
82,101,0,0,0,0,0
8,83,0,0,0,0,0
106,125,0,0,0,0,0
59,103,0,0,0,0,0
8,79,1,0,1,1,1
64,104,0,0,0,0,0
20,59,0,0,0,0,0
99,111,0,0,0,0,0
6,103,0,0,0,0,0
4,122,0,0,0,0,0
17,94,0,0,0,1,0
27,94,0,0,0,0,0
67,68,0,0,0,0,0
74,88,0,0,0,0,0
78,88,0,0,0,1,0
25,100,0,0,0,0,0
96,99,0,0,0,0,0
60,81,0,0,0,0,0
2,12,0,0,0,0,0
85,90,0,0,0,0,0
52,91,0,0,0,0,0
37,40,0,0,0,0,0
91,98,0,0,0,0,0
76,107,0,0,0,0,0
8,100,0,0,0,0,0
14,52,0,0,0,0,0
122,123,0,0,0,0,0
24,46,0,0,0,0,1
6,120,0,0,0,0,0
12,63,0,0,0,0,0
51,99,1,0,0,0,0
41,116,0,0,0,0,0
36,125,1,0,1,0,0
35,59,1,1,1,1,1
13,65,0,0,0,0,0
51,116,0,0,0,0,0
5,19,0,0,1,0,0
32,88,0,0,0,0,0
27,102,0,0,0,0,0
67,77,1,1,1,1,1
17,69,0,0,0,1,0
37,124,0,0,0,0,0
60,100,0,0,0,0,0
27,69,0,0,0,0,0
15,123,0,0,0,0,0
70,98,0,0,1,0,0
49,57,0,1,0,0,0
80,123,0,0,0,0,0
29,65,0,0,0,0,0
34,65,0,0,0,0,0
14,17,0,0,0,0,0
7,32,0,0,0,0,0
21,34,0,0,0,0,0
4,63,0,0,0,0,0
14,85,1,0,0,0,0
112,121,0,0,0,0,0
12,104,0,0,0,0,0
44,49,0,0,0,0,0
2,42,0,0,0,0,0
8,35,0,0,0,0,0
52,76,0,0,0,0,0
42,53,0,0,0,0,0
37,74,0,0,0,0,0
52,73,1,0,1,1,1
19,74,0,0,0,0,0
19,29,0,0,0,0,0
19,52,0,1,0,0,0
88,99,0,0,0,0,0
56,82,0,0,0,0,0
65,68,0,0,0,0,0
110,123,0,0,0,0,0
46,94,0,0,0,0,0
12,94,0,1,0,0,0
68,94,1,0,0,1,0
24,90,0,0,1,0,0
55,65,0,0,0,0,0
34,87,0,0,0,0,0
69,106,0,0,0,0,0
33,66,0,0,0,1,0
74,112,0,0,0,0,0
60,120,0,0,1,1,1
34,79,0,0,0,0,0
4,76,0,0,0,0,0
44,55,0,0,0,0,0
33,97,0,0,0,0,0
55,94,0,0,0,0,0
24,125,0,0,0,0,1
63,66,0,0,0,0,0
29,85,0,0,0,0,0
98,117,1,1,1,1,1
53,63,0,0,0,0,0
6,122,0,0,0,0,0
44,67,0,0,0,0,0
100,116,0,0,0,0,0
8,67,0,0,0,0,0
83,96,0,0,0,0,1
5,25,0,0,0,0,0
44,88,0,0,0,0,0
57,87,1,0,0,0,0
45,118,0,0,0,0,0
6,69,0,0,0,0,0
25,67,0,0,0,0,0
76,112,0,0,0,0,0
98,121,0,0,0,0,0
7,93,0,0,0,0,0
3,52,0,0,0,0,0
25,99,0,0,0,0,0
81,123,1,0,0,0,0
33,101,1,0,0,0,0
2,106,0,0,0,0,0
21,63,1,1,0,0,0
2,4,0,0,0,0,0
99,104,0,0,0,0,1
68,82,0,0,0,0,0
121,122,0,0,0,0,0
19,116,0,0,0,0,1
21,24,0,0,0,0,0
5,13,0,0,0,0,0
111,122,0,0,0,0,0
33,68,0,0,1,0,0
26,74,0,0,0,0,0
110,120,0,0,0,0,0
35,62,0,0,0,0,0
31,90,0,0,0,0,0
77,91,0,0,0,0,0
101,107,1,1,1,1,1
7,91,1,1,1,1,1
5,111,0,0,0,0,0
37,57,0,0,0,0,0
19,20,1,0,1,1,1
94,104,0,0,0,0,0
53,122,0,0,0,0,0
84,109,1,1,1,1,1
56,118,0,0,0,0,0
55,88,0,0,0,0,0
49,98,0,0,0,0,0
36,101,1,1,1,0,0
66,69,0,0,1,1,1
67,98,0,0,0,1,0
88,101,0,0,0,1,1
45,63,0,0,0,0,0
15,59,0,0,0,0,0
81,102,0,0,0,0,0
27,57,0,0,0,0,0
12,125,0,0,0,0,0
5,60,0,0,0,0,0
93,100,0,0,0,0,0
69,117,1,1,0,1,1
35,106,1,0,1,1,1
35,84,1,1,1,1,1
24,83,0,0,0,0,0
40,68,0,0,0,0,0
44,68,1,1,1,1,1
99,124,0,1,1,1,0
42,118,0,0,0,0,0
55,59,0,0,0,0,1
5,76,0,0,0,0,0
29,103,0,0,0,0,0
20,109,0,0,0,0,0
82,106,0,0,0,0,0
8,82,0,0,0,0,0
59,100,0,0,0,0,0
70,120,0,0,0,0,0
99,110,0,0,0,0,0
4,121,1,0,0,0,0
35,124,0,0,0,0,0
21,42,0,0,0,0,1
78,87,0,0,0,0,0
25,103,0,0,0,0,0
46,66,0,0,0,0,0
91,123,0,0,0,0,0
27,78,0,0,0,0,0
2,13,0,0,0,0,0
85,91,0,0,0,0,0
7,41,0,0,1,0,0
37,41,0,0,0,0,0
100,124,0,0,0,0,0
76,106,0,0,0,0,0
8,103,0,0,0,0,0
20,99,0,0,1,0,1
14,53,1,0,0,0,0
26,98,0,0,0,0,0
27,63,0,0,0,0,0
12,62,0,0,0,0,0
51,98,0,0,0,0,0
41,117,1,1,0,0,1
45,117,0,1,1,0,0
13,62,0,0,1,0,0
17,106,1,0,0,0,0
37,94,0,0,0,0,0
44,111,0,0,0,0,0
27,101,0,0,0,0,0
67,74,0,0,0,0,0
21,76,0,1,0,0,0
60,101,0,0,0,0,0
41,59,0,0,0,0,0
3,84,0,0,0,0,0
27,68,0,0,0,0,0
70,99,0,0,0,0,0
49,104,0,0,0,0,0
80,120,0,0,0,0,0
29,64,0,0,0,0,0
7,35,0,0,0,0,0
21,35,0,0,0,0,0
4,62,0,0,0,0,0
14,84,0,0,0,0,0
20,44,1,0,1,1,1
112,120,0,0,0,0,0
57,90,0,0,0,0,0
21,90,1,0,1,0,0
4,109,0,0,0,0,0
42,52,0,0,0,0,0
3,8,0,0,0,0,0
57,68,0,0,0,0,0
116,123,0,1,0,0,0
4,32,1,1,0,1,1
19,73,0,0,0,0,0
3,27,0,0,0,0,0
60,91,0,0,0,0,0
45,49,0,0,0,0,0
13,91,0,0,0,0,0
42,66,0,0,0,0,0
88,98,0,0,0,0,0
56,81,0,0,0,0,0
41,60,0,0,0,0,0
13,101,1,1,0,0,1
46,97,0,0,0,0,0
107,121,1,1,1,1,1
24,93,1,0,0,0,0
55,66,0,0,0,0,0
46,87,0,0,0,0,0
20,68,1,1,1,1,1
60,121,0,0,0,0,0
74,78,0,0,0,0,0
66,123,0,0,0,0,0
64,79,0,0,0,0,0
6,17,0,0,0,0,0
26,59,0,0,0,0,0
33,96,0,0,0,0,0
13,107,1,1,0,0,1
21,99,1,0,0,1,1
63,69,0,0,0,0,0
53,60,0,0,0,0,0
20,53,0,0,0,0,0
51,102,0,0,0,0,0
8,12,0,0,0,0,0
8,66,0,0,0,0,0
83,97,0,1,0,0,1
104,125,0,0,0,0,0
5,26,0,0,0,0,0
2,61,0,0,0,0,0
53,80,0,0,0,0,0
57,80,0,0,0,0,0
67,103,0,0,0,0,0
6,68,0,0,0,0,0
25,66,0,0,0,0,0
24,57,0,0,0,0,0
98,120,1,0,0,0,0
3,51,0,0,0,0,0
85,101,0,0,0,0,0
83,85,0,1,0,1,0
33,106,0,0,0,0,0
41,121,0,0,0,0,0
15,74,1,1,1,1,1
21,62,0,0,0,0,0
35,70,0,0,0,0,0
91,117,0,0,0,0,0
68,83,0,0,0,0,0
64,125,1,1,1,0,0
107,109,0,0,0,0,0
19,111,0,0,0,0,0
65,104,0,0,0,0,0
111,123,0,0,0,0,0
33,69,0,0,0,0,0
26,77,0,1,0,0,0
5,42,0,0,0,0,0
35,63,0,0,0,0,0
7,125,1,1,1,0,1
77,90,0,0,0,0,0
101,106,0,0,0,0,0
7,90,1,1,1,1,1
5,110,1,0,0,0,1
37,56,0,0,0,0,0
57,116,0,0,0,0,0
19,21,0,0,0,0,0
93,124,0,0,0,0,0
94,107,1,1,1,1,1
56,104,0,0,0,0,0
53,123,0,0,0,0,0
79,82,0,0,0,0,0
49,99,0,0,0,0,0
26,68,0,0,0,0,0
20,87,0,0,0,0,0
67,99,0,0,0,0,0
81,101,0,0,0,0,0
14,70,0,0,0,0,1
69,78,0,0,0,0,0
12,124,0,0,0,0,0
93,101,1,0,0,0,0
7,100,0,0,0,0,0
35,107,0,0,0,0,0
35,85,0,0,0,0,0
24,80,0,1,1,1,0
84,124,0,0,0,0,0
40,69,0,0,0,0,0
44,69,0,0,0,0,0
42,102,0,0,0,0,0
99,125,0,1,0,0,1
106,109,0,1,1,0,1
20,106,0,0,0,0,0
82,107,0,0,0,0,0
8,85,0,0,0,0,0
59,101,0,0,0,0,0
70,123,0,0,0,0,0
102,120,0,1,0,0,1
62,99,0,1,0,1,0
4,120,0,0,0,0,0
27,96,0,0,0,0,0
35,125,0,0,0,0,0
25,102,0,0,0,0,0
46,67,0,1,0,0,0
60,87,0,0,0,0,0
27,79,0,0,0,0,0
2,14,0,0,0,0,0
42,94,0,1,1,0,1
17,80,0,0,0,0,0
52,93,0,0,0,0,0
37,46,0,1,1,1,0
100,125,0,0,0,0,0
76,109,0,0,0,0,0
8,102,0,0,0,0,0
20,98,0,0,0,0,0
64,94,0,0,0,1,0
24,44,0,0,0,1,0
81,124,0,0,0,0,0
12,65,0,0,0,0,0
40,100,0,0,0,0,0
25,111,1,1,1,1,1
8,41,0,0,0,0,0
35,57,0,0,0,0,0
13,63,0,0,0,0,0
37,97,0,0,1,0,1
24,29,0,0,0,0,0
27,100,0,0,0,0,0
102,116,0,0,0,0,0
60,106,0,0,0,0,0
3,85,0,0,0,1,1
69,109,0,0,0,0,0
49,103,0,0,0,0,0
49,59,1,1,1,1,1
64,101,0,0,0,0,0
80,121,0,1,1,1,1
29,63,1,0,0,0,0
14,15,0,1,0,0,0
66,112,0,0,0,0,0
40,122,0,0,0,0,0
7,34,1,1,1,1,1
21,36,0,0,0,1,0
7,62,0,1,0,1,0
4,61,0,0,0,0,0
14,87,0,0,0,0,0
20,45,0,0,0,0,0
112,123,0,0,0,0,0
29,35,0,0,0,0,0
68,77,0,0,0,0,0
21,91,0,1,1,0,1
42,55,1,0,0,1,1
74,98,0,0,0,0,0
57,69,0,0,0,0,0
19,88,0,0,0,0,0
77,109,0,0,0,0,0
24,33,0,0,0,0,0
24,118,0,0,0,0,0
116,122,0,0,0,0,0
60,90,0,0,0,0,0
67,69,0,0,1,0,1
4,106,0,0,0,0,0
51,64,0,0,0,0,0
13,90,0,0,0,0,0
42,67,0,0,0,0,0
59,79,0,0,0,0,0
56,80,0,0,0,0,0
110,121,1,0,0,0,0
20,73,0,0,0,0,0
14,104,1,1,1,1,1
20,116,0,0,0,0,0
46,96,0,1,1,0,0
12,96,0,0,0,0,0
42,109,0,0,0,0,0
46,64,0,1,1,0,1
68,96,0,0,0,0,0
87,118,0,0,0,1,0
77,78,0,0,0,0,0
34,85,0,0,0,1,0
82,109,0,0,0,0,0
46,84,0,0,0,0,0
20,69,0,0,0,0,0
37,121,0,0,0,0,0
60,122,0,0,0,0,0
74,79,0,0,0,0,0
97,120,0,0,0,0,0
64,78,0,0,0,0,0
52,125,0,0,1,0,0
4,78,0,0,0,0,0
45,78,0,0,0,0,0
56,61,0,0,0,0,0
51,53,0,0,0,0,0
63,68,0,1,0,1,0
29,34,0,0,0,0,0
29,87,0,0,0,0,0
53,61,0,0,0,0,0
20,52,0,0,0,0,0
51,103,0,0,0,0,0
52,63,1,1,0,1,1
8,13,0,0,0,0,0
8,65,0,0,0,0,0
7,124,1,0,0,0,1
65,93,0,0,0,0,0
5,27,0,0,0,0,0
2,60,0,0,0,0,0
32,110,0,0,0,1,1
53,81,0,0,0,0,0
32,79,0,0,0,0,0
25,65,0,0,0,0,0
76,110,0,0,0,0,0
24,56,0,0,0,0,0
46,55,0,0,0,0,0
103,107,0,0,0,0,0
33,107,0,1,0,1,1
41,120,0,0,0,0,0
2,104,0,0,0,0,0
21,61,1,1,1,1,1
35,73,0,0,0,0,0
4,70,0,0,0,0,0
68,80,0,0,0,0,0
3,99,0,0,0,0,0
60,61,0,0,0,0,0
81,110,0,0,0,0,0
19,110,0,0,0,0,0
65,107,0,0,0,0,0
29,49,0,0,0,0,0
97,109,0,0,0,0,0
26,76,0,0,0,0,0
84,100,0,0,0,0,0
35,60,0,0,0,0,0
96,121,0,0,0,0,0
77,93,0,0,0,0,1
7,97,0,0,0,0,0
93,118,0,0,0,0,0
37,59,0,0,0,0,0
94,106,0,0,0,0,0
53,120,0,0,0,0,0
26,69,0,0,1,0,0
20,84,0,0,0,0,0
8,44,0,0,0,0,0
81,100,0,0,0,0,1
77,82,0,0,0,0,0
5,51,0,0,0,0,0
27,51,0,0,0,0,0
29,93,0,0,0,0,0
93,102,0,0,0,0,0
7,101,0,0,1,0,0
63,98,0,0,0,0,0
6,97,0,0,0,0,0
66,109,0,0,0,0,0
61,69,0,0,0,0,0
42,117,0,0,0,0,0
24,81,0,0,0,0,0
84,125,0,0,0,0,0
42,103,0,0,0,0,0
25,74,0,0,0,0,0
5,74,0,0,0,0,0
13,59,0,0,0,0,0
20,107,0,0,0,0,0
82,104,0,0,0,0,0
8,84,1,0,0,0,0
106,120,0,0,0,0,0
12,25,1,1,1,1,1
59,67,0,0,0,0,0
70,122,0,0,0,0,0
102,121,0,0,0,0,0
62,98,0,0,0,0,0
14,102,0,0,0,1,1
17,99,0,1,0,1,0
6,88,0,0,0,0,0
2,76,0,0,0,0,0
27,97,0,0,0,0,0
34,118,0,0,0,0,0
78,85,0,0,0,0,0
46,68,0,0,0,0,0
60,84,0,0,0,0,0
2,15,0,0,0,0,0
85,93,0,0,0,0,0
42,97,1,0,0,0,0
17,81,0,0,0,0,0
27,120,0,0,0,0,0
101,118,0,0,0,0,0
68,118,0,1,0,0,0
14,51,0,0,0,0,0
64,97,0,0,1,0,0
24,45,0,0,0,0,0
3,17,0,0,0,0,0
42,73,0,0,0,0,1
12,64,0,0,0,0,0
40,101,0,0,0,0,0
8,40,0,0,0,0,0
84,117,0,0,0,0,0
35,56,0,0,0,0,0
13,60,0,0,0,1,0
44,65,0,0,0,0,0
36,121,1,1,1,0,1
37,96,1,0,0,1,0
42,44,1,1,0,0,0
109,116,0,0,0,0,0
44,117,0,0,0,0,0
27,107,0,0,0,0,0
112,116,0,0,0,0,0
21,78,1,1,1,1,1
60,107,0,0,1,0,0
87,112,0,0,0,0,0
34,52,0,0,0,0,0
49,102,0,0,0,0,0
29,62,0,0,0,0,0
66,111,0,0,0,0,0
104,122,0,0,0,0,0
40,123,0,0,0,0,0
7,37,0,0,0,0,0
21,37,0,0,0,0,0
7,63,1,0,0,0,0
4,60,0,0,0,0,0
112,122,0,0,0,0,0
29,36,0,0,0,0,0
68,76,0,0,0,0,0
19,99,0,0,0,0,0
74,99,0,0,0,0,0
24,32,0,0,0,0,0
116,125,0,0,0,0,0
19,31,0,0,0,0,0
60,93,0,0,0,0,0
51,65,0,0,0,0,0
82,120,1,1,1,1,0
42,60,0,0,0,0,0
59,78,0,0,0,0,0
56,87,1,0,0,0,0
13,70,1,0,1,1,1
55,117,0,0,0,0,0
41,62,0,0,0,0,1
14,107,1,0,0,0,0
69,123,0,0,0,0,0
12,97,0,0,0,0,0
55,68,0,0,0,0,0
34,84,0,0,0,0,0
46,85,0,0,0,0,1
61,78,1,1,1,1,1
60,123,0,0,0,0,0
52,124,1,0,0,0,0
4,79,0,0,0,0,0
56,60,0,1,0,0,0
51,52,0,1,1,1,1
45,109,0,0,0,0,0
98,112,0,0,0,0,0
42,87,0,0,0,0,0
20,55,0,0,0,0,0
51,100,0,0,0,0,0
101,121,1,1,1,1,0
8,64,0,0,0,0,0
65,90,0,0,0,0,0
2,63,0,0,0,0,0
32,111,0,0,0,0,0
53,82,0,0,0,0,0
57,82,0,0,0,0,0
25,64,0,0,0,0,0
66,79,0,0,0,0,0
110,112,0,0,0,0,0
76,111,0,0,0,0,0
24,51,0,1,0,0,0
8,117,0,0,0,0,0
103,106,0,0,0,0,0
3,57,1,1,1,1,1
33,104,0,0,0,0,0
41,123,0,0,0,0,0
17,74,0,0,0,0,0
21,60,0,1,0,0,0
64,111,0,0,0,0,0
68,81,0,0,0,0,0
103,123,0,0,0,0,0
3,98,0,0,0,0,0
49,118,0,0,0,0,0
60,62,0,0,0,0,0
32,81,0,0,0,0,0
73,111,0,0,0,0,0
65,106,0,0,0,0,0
21,29,0,0,0,0,0
41,88,1,1,0,0,0
45,88,0,0,0,0,0
5,40,0,0,0,0,0
84,101,0,0,0,0,0
35,61,0,0,0,0,0
96,120,1,0,0,0,0
101,104,1,0,0,0,0
7,96,0,0,0,0,0
5,112,0,0,0,0,0
94,101,0,1,0,1,1
53,121,0,1,0,0,0
26,66,0,0,1,0,0
20,85,0,0,0,0,0
81,107,0,0,0,0,0
5,62,0,0,0,0,0
77,83,0,0,0,1,0
27,52,0,0,0,0,0
29,90,0,0,0,0,0
63,76,0,0,0,0,0
93,103,0,0,0,0,0
69,112,0,0,0,0,0
7,102,0,0,0,0,0
63,99,0,1,0,0,0
7,80,1,0,0,0,0
61,68,0,0,0,0,0
35,87,0,0,0,0,0
90,124,0,0,0,0,0
101,110,0,0,0,1,0
42,100,0,0,0,0,0
24,68,0,0,0,0,0
64,122,1,1,1,1,1
90,97,0,0,0,0,0
20,104,0,0,0,0,0
8,87,0,0,0,0,0
106,121,0,0,0,1,0
8,15,0,0,0,0,0
41,100,0,0,0,1,0
12,24,0,0,0,0,0
13,84,0,0,0,0,0
40,91,0,0,0,0,0
14,69,1,0,0,0,0
102,122,0,0,0,0,0
17,98,0,0,0,0,0
8,31,0,0,0,0,0
93,121,0,0,0,0,0
2,77,0,0,0,0,0
94,112,0,0,0,0,0
62,121,0,0,0,0,0
78,84,0,1,0,0,0
25,104,0,0,0,0,0
46,69,0,0,0,0,0
60,85,0,0,0,0,0
42,96,0,0,1,0,0
37,44,0,0,0,0,0
100,123,0,0,0,0,0
8,104,0,0,0,0,0
14,56,1,1,0,0,0
64,96,0,0,0,0,1
24,42,0,0,0,0,0
12,67,0,0,0,0,0
40,102,0,0,0,0,0
45,112,0,0,0,0,0
84,116,0,0,0,0,0
35,55,1,0,0,0,0
13,61,0,0,0,0,0
37,91,0,0,0,0,1
42,45,0,0,0,0,0
13,40,0,0,0,0,0
109,117,0,0,0,0,0
44,116,0,1,0,1,0
62,73,0,0,0,0,0
27,106,0,0,0,0,0
3,79,0,0,0,0,0
69,102,0,0,0,0,0
112,117,0,0,0,0,0
45,81,0,0,0,0,0
21,79,1,1,1,1,1
60,104,0,0,0,0,1
3,87,0,0,0,0,0
34,53,0,0,0,0,0
56,90,0,0,0,0,0
120,121,0,0,0,0,0
49,101,0,0,0,0,0
29,61,0,0,0,0,0
40,120,0,0,0,0,0
7,36,0,0,0,1,0
74,121,0,0,0,0,0
7,60,0,0,0,0,0
14,81,0,0,0,0,0
29,37,1,1,1,0,1
5,124,0,0,1,0,0
19,98,0,0,0,0,0
42,57,0,0,0,0,0
42,64,0,1,1,1,1
24,31,0,0,0,0,0
19,60,0,0,0,0,0
52,77,0,0,0,0,0
17,49,0,0,0,0,0
19,70,0,0,0,0,0
36,98,0,0,0,0,0
51,66,0,0,0,0,0
82,121,0,0,0,0,0
42,61,0,0,0,1,0
13,73,1,1,1,1,1
55,116,0,0,0,0,0
14,106,0,0,0,0,0
20,118,0,0,0,0,0
69,122,0,0,0,0,0
55,69,0,0,0,0,0
56,57,0,0,0,0,0
56,83,0,0,1,1,0
34,83,0,0,0,0,0
61,79,1,1,1,1,1
6,73,0,0,0,0,0
63,83,0,0,0,0,0
60,124,0,0,0,0,0
37,87,0,0,0,0,1
55,102,0,0,0,0,0
110,124,0,0,0,0,0
6,12,1,1,1,1,0
12,88,0,0,0,0,0
56,63,0,0,0,0,0
51,55,0,0,0,0,0
6,109,1,1,0,1,1
25,81,1,1,1,1,1
29,81,0,0,0,0,0
42,84,0,0,0,0,0
8,27,0,0,0,0,0
53,67,0,0,0,0,0
83,84,0,0,0,0,0
51,101,1,1,0,1,1
90,93,0,0,0,0,0
65,91,0,0,0,0,0
5,29,0,0,0,0,0
93,125,0,0,0,0,0
44,84,0,0,0,0,0
53,83,1,0,0,0,0
57,83,0,0,0,0,0
6,65,0,0,0,0,0
66,78,0,0,0,0,0
46,57,0,1,1,1,1
98,125,0,0,0,0,0
3,56,0,0,0,0,0
41,122,0,0,0,0,0
17,77,0,0,0,0,0
64,110,0,0,1,0,0
107,123,0,1,0,0,0
60,118,0,0,0,0,0
103,122,0,0,0,0,0
60,63,0,0,0,0,0
97,125,0,0,0,0,0
65,101,0,0,0,0,0
64,68,1,1,1,1,1
41,87,0,0,0,0,0
56,70,0,0,0,1,0
5,41,0,0,1,0,0
84,102,0,0,0,0,0
35,66,0,0,0,0,0
96,123,0,0,0,1,0
35,37,0,0,0,0,0
94,100,0,1,0,0,0
17,82,0,0,0,0,0
4,5,0,0,0,0,0
26,67,0,0,1,0,1
20,82,0,0,0,0,0
117,124,0,0,0,0,0
87,96,0,0,0,0,0
81,106,1,1,0,1,1
46,102,0,0,0,1,0
5,33,0,0,0,0,0
97,118,0,0,0,0,0
14,73,0,0,0,0,0
77,80,0,0,0,0,0
2,7,0,1,0,0,1
3,4,0,1,0,0,1
5,53,0,1,1,0,1
27,53,0,0,0,0,0
29,91,0,0,0,0,0
63,77,0,0,0,0,0
7,103,0,0,0,0,0
7,81,0,0,0,0,0
24,87,0,0,0,0,0
62,83,0,0,0,0,0
42,101,0,0,0,1,0
24,69,0,0,0,0,0
25,76,0,0,0,0,0
12,46,0,0,0,0,0
8,32,0,0,0,0,0
106,122,0,0,0,0,0
56,73,0,0,0,0,0
12,79,0,0,0,0,0
12,27,0,0,0,0,0
13,85,1,0,0,0,0
14,68,0,0,0,0,0
102,123,0,0,0,0,0
57,120,0,1,0,0,0
4,17,0,0,0,0,0
2,74,0,0,0,0,0
27,59,0,0,0,0,0
74,83,0,0,0,0,0
78,83,0,0,0,1,0
25,107,0,0,0,0,0
2,17,0,1,0,0,1
42,91,1,1,1,1,0
2,90,0,0,0,0,0
37,45,0,0,0,0,0
100,120,0,0,0,0,0
8,107,0,0,0,0,0
14,57,1,0,1,0,1
64,91,0,1,1,1,1
12,66,0,0,0,0,0
57,78,0,0,0,0,0
40,103,0,0,0,0,0
94,125,1,0,0,0,0
8,42,0,0,0,0,0
29,118,0,0,0,1,0
32,124,0,0,0,0,0
37,90,0,0,0,0,0
13,41,1,0,0,0,1
109,110,0,0,0,0,0
12,13,0,0,0,0,0
57,77,0,0,1,0,0
3,78,0,0,0,0,0
17,62,1,1,1,1,1
3,80,0,0,0,0,0
56,91,0,0,0,0,0
21,112,0,0,0,0,0
120,122,0,0,0,0,0
49,100,0,0,0,0,0
29,60,0,0,0,0,1
107,112,0,0,0,0,0
46,49,0,0,0,0,0
7,25,0,0,0,0,0
40,121,0,0,0,0,0
21,31,0,0,0,0,0
74,120,1,1,1,0,1
7,61,0,0,0,0,0
26,117,0,1,0,0,0
77,118,0,0,0,0,0
14,80,0,0,0,0,0
68,74,0,0,0,0,0
45,116,0,0,0,0,0
5,125,0,0,0,0,0
42,56,0,0,0,0,0
19,61,0,0,0,0,0
52,74,0,0,0,0,0
67,87,0,0,0,0,0
36,99,1,0,1,0,0
51,67,0,0,0,0,0
82,122,0,0,0,0,0
42,62,0,1,1,1,0
56,85,0,0,0,0,0
55,111,0,0,0,0,0
20,70,0,0,0,0,0
14,101,0,1,0,0,0
69,121,0,0,0,1,0
24,97,0,0,1,1,1
34,82,0,0,0,0,0
6,70,0,0,0,0,0
63,82,0,0,0,0,0
60,125,0,0,0,0,0
37,84,0,0,0,0,0
40,111,1,0,1,1,1
55,103,0,0,0,0,0
6,13,0,0,0,0,0
83,91,0,0,0,0,0
33,59,0,0,0,0,0
13,103,0,0,0,0,0
56,62,0,0,0,0,0
25,80,0,0,0,0,0
29,80,0,1,0,0,0
98,110,1,1,0,0,0
42,85,0,0,0,0,0
8,26,0,0,0,0,0
53,64,0,1,0,0,1
83,87,0,0,0,0,0
2,65,0,0,0,0,0
44,85,0,0,0,0,0
53,84,0,0,0,0,0
6,64,0,0,0,0,0
63,104,0,0,0,0,0
24,53,0,0,0,0,0
46,56,0,0,0,0,0
98,124,0,0,0,0,0
3,55,0,0,0,0,0
6,117,0,0,0,0,0
26,109,0,0,0,0,0
13,36,1,1,1,1,0
104,106,0,0,0,0,0
17,76,0,0,0,0,0
65,125,0,0,0,0,0
99,109,0,0,0,0,0
68,87,0,0,0,0,0
103,121,0,0,0,0,0
121,125,0,0,0,0,0
60,64,0,0,0,0,0
52,62,0,0,0,0,0
34,98,0,0,0,0,0
5,36,0,0,0,0,0
65,100,1,0,0,0,1
70,78,0,0,0,1,0
3,34,0,1,0,0,0
37,109,0,0,0,0,0
37,111,0,0,0,0,0
5,46,0,1,0,1,0
35,67,0,0,0,0,0
24,55,0,0,0,0,0
96,122,0,1,0,0,0
77,94,0,0,0,0,0
83,124,1,0,0,1,0
35,36,0,0,0,0,0
46,121,0,0,0,0,0
94,103,0,0,0,0,0
4,41,1,0,1,0,1
26,64,0,0,0,0,0
20,83,0,0,0,0,0
2,25,0,0,0,0,0
87,97,0,0,0,0,0
81,125,0,0,0,0,0
36,78,0,0,0,0,1
46,103,0,0,0,0,0
81,120,0,0,0,0,0
116,117,0,0,0,0,0
63,118,0,0,0,0,0
14,74,0,0,0,0,0
77,81,0,0,0,0,0
5,52,0,0,0,0,0
26,125,0,0,0,0,0
6,52,0,0,0,0,0
84,93,1,1,1,1,1
63,74,0,0,0,0,0
84,118,0,0,0,0,0
69,110,0,0,0,0,0
7,104,0,0,0,0,0
41,42,0,0,0,0,0
7,82,0,0,0,0,0
8,122,0,0,0,0,0
62,124,0,0,0,0,0
24,84,0,0,0,0,0
29,125,0,0,0,0,0
25,77,0,0,0,0,0
73,124,1,1,1,1,0
12,45,0,0,0,0,0
20,102,0,0,0,0,0
8,33,0,1,1,1,0
96,110,0,0,1,1,0
106,123,0,1,1,0,1
40,49,1,1,1,1,0
79,94,0,1,0,0,1
53,118,0,0,0,1,1
12,26,0,0,0,0,0
102,124,0,1,0,0,0
6,102,0,0,0,0,0
4,14,0,0,1,0,0
52,59,0,0,0,0,0
29,88,1,1,1,1,0
80,112,0,0,0,0,0
94,110,0,0,0,0,0
55,78,1,0,1,1,1
74,82,1,0,1,1,1
78,82,0,0,0,0,0
25,106,1,1,1,1,1
96,97,0,0,0,1,1
42,116,0,0,0,0,0
42,90,1,1,1,1,1
2,91,0,0,0,0,0
12,116,0,0,0,0,0
100,121,1,0,0,0,0
8,106,0,1,0,0,0
20,94,0,0,0,0,0
34,110,0,0,0,0,0
64,90,0,1,1,1,1
24,40,0,0,0,0,0
42,70,0,1,0,0,0
55,73,0,0,0,0,0
12,69,0,0,0,0,0
40,104,0,0,0,0,0
3,21,0,0,0,0,0
35,53,0,0,0,0,0
37,93,0,0,0,0,0
13,42,0,0,1,0,1
33,49,0,0,0,0,0
109,111,1,1,0,1,1
12,14,0,0,0,0,0
24,25,1,0,0,0,0
57,76,0,0,0,0,0
90,123,0,0,0,0,0
27,104,0,0,0,0,0
5,35,0,0,0,0,0
17,63,1,0,0,0,1
37,125,0,0,0,0,0
3,81,0,0,0,0,0
34,55,0,0,0,0,0
80,99,0,0,0,0,0
120,123,0,0,0,0,0
21,32,0,0,0,0,0
74,123,0,0,0,0,0
7,66,0,0,0,0,0
14,83,0,0,0,0,0
29,31,0,0,0,0,0
68,73,0,0,0,0,0
82,88,0,0,0,0,0
116,124,1,1,0,1,0
69,80,0,0,0,0,0
42,59,0,0,0,0,0
49,87,0,0,0,0,0
36,120,0,0,0,0,0
2,59,0,0,0,0,0
24,37,0,1,0,0,0
19,62,1,1,1,1,1
15,65,1,1,1,1,1
62,104,0,0,0,0,0
60,94,0,0,0,0,0
82,123,0,0,0,0,0
42,63,0,0,0,0,1
82,91,0,0,0,0,0
32,123,0,0,0,0,0
55,110,0,0,0,0,0
20,77,0,0,0,0,0
14,100,0,0,0,0,0
69,120,0,0,0,0,0
32,98,1,1,1,1,1
24,96,0,0,0,1,1
4,98,1,0,1,1,1
34,81,0,0,0,0,0
45,84,0,0,0,0,0
74,118,0,0,0,0,0
63,81,0,0,0,0,0
37,85,0,0,0,0,0
27,116,0,0,0,0,0
17,29,0,0,0,0,0
29,45,0,0,0,0,0
55,100,0,0,0,0,0
52,121,0,0,1,1,1
17,118,0,0,0,0,0
55,97,0,0,0,0,0
45,55,0,0,0,0,0
56,65,0,0,0,0,0
51,57,0,0,0,0,0
35,118,0,0,0,0,0
25,83,0,0,0,0,0
29,83,1,0,0,1,1
70,107,1,0,1,1,1
98,111,0,0,0,0,0
42,82,0,0,1,0,0
8,25,0,0,1,0,0
53,65,0,0,0,0,0
20,56,0,0,0,0,0
101,122,0,0,0,0,0
8,17,0,0,0,0,0
8,69,0,0,0,0,0
41,111,0,0,0,0,0
2,64,0,0,0,0,0
53,85,0,0,0,0,0
26,35,0,0,0,0,0
6,67,0,0,0,0,0
46,77,0,0,0,0,0
110,111,0,0,0,0,0
4,52,0,0,0,0,0
24,52,0,1,1,0,1
46,51,0,0,0,0,0
41,98,1,1,1,1,1
13,118,1,0,0,0,0
104,107,0,0,0,0,0
14,88,0,0,1,0,1
84,94,0,0,0,0,0
65,124,0,0,0,0,0
68,84,0,0,0,0,0
103,120,0,1,1,1,1
121,124,1,0,1,1,1
90,101,0,0,0,0,0
60,65,0,0,0,0,0
27,125,0,0,0,0,0
34,99,0,1,0,0,0
78,79,1,1,1,1,0
65,103,1,1,1,1,1
70,79,0,0,0,0,0
3,37,1,0,0,1,0
41,85,1,1,1,0,0
29,109,0,0,0,0,0
35,64,0,0,0,0,0
77,97,0,0,0,0,0
101,109,0,0,0,0,0
5,117,0,0,1,0,0
15,70,0,0,0,0,0
94,102,0,0,0,0,0
53,124,0,0,0,0,0
56,116,0,0,0,0,0
73,77,0,0,0,0,0
4,40,0,0,0,0,0
55,82,0,0,0,0,0
36,100,0,0,0,0,0
26,65,0,0,0,0,0
20,80,0,0,0,0,0
3,118,1,1,1,0,0
2,24,0,0,0,0,0
45,62,0,0,0,0,0
87,94,0,0,0,0,0
4,21,0,0,0,0,0
81,104,0,0,0,0,0
36,79,0,1,0,0,0
46,100,0,0,0,0,0
5,55,0,0,0,0,0
61,81,0,0,1,0,0
5,61,0,0,0,0,0
69,111,0,0,0,0,0
7,57,0,0,0,0,0
7,83,0,0,0,0,0
31,73,0,0,0,0,0
24,85,0,0,0,0,0
29,124,0,1,0,0,0
25,70,0,0,0,0,0
73,125,0,0,0,0,0
24,94,1,1,1,1,1
12,44,0,0,0,0,0
20,103,0,0,0,0,0
96,111,0,0,0,0,0
15,19,1,0,0,0,0
88,100,1,1,0,0,0
12,21,0,0,0,0,0
13,87,0,0,0,0,0
5,63,0,0,0,0,0
3,104,0,0,0,0,1
102,125,0,1,0,0,0
34,49,0,0,0,0,0
55,70,0,0,0,0,0
4,15,0,0,0,0,0
17,87,0,0,0,0,0
94,111,0,0,0,0,0
2,94,0,0,0,0,0
74,81,0,0,0,0,0
78,81,0,0,0,0,0
25,109,1,1,1,1,1
64,88,0,0,0,0,0
90,112,0,0,0,0,0
60,88,0,1,0,0,0
2,19,0,0,0,0,0
42,93,0,0,0,0,0
101,116,1,0,0,0,0
12,117,0,0,0,0,0
20,97,0,0,0,0,0
14,55,0,0,0,0,0
64,93,0,0,0,0,0
6,110,0,0,0,0,0
27,62,0,0,0,0,0
42,77,0,0,0,0,0
12,68,0,0,0,0,0
94,123,0,0,0,1,0
78,109,1,0,0,0,0
31,104,0,0,0,0,0
35,52,0,0,0,0,0
25,69,0,0,0,0,0
17,107,0,0,0,0,0
33,46,0,1,0,0,0
109,112,1,1,0,1,1
12,15,0,0,0,0,0
24,26,0,0,0,0,0
57,79,0,0,0,0,0
64,124,0,0,0,0,0
17,60,1,0,0,0,0
3,82,0,0,0,0,0
34,56,0,0,0,0,0
56,93,0,0,0,0,0
21,110,0,0,0,0,0
80,98,0,0,0,0,0
120,124,0,0,0,0,0
4,88,0,0,0,0,0
35,99,0,0,0,0,0
107,110,0,0,0,0,0
13,33,1,0,0,0,0
74,122,0,0,0,0,0
7,67,0,0,0,0,0
2,121,0,0,0,0,0
29,32,0,0,0,0,0
69,83,0,0,1,0,0
27,32,0,0,0,0,0
24,36,1,1,1,1,1
24,117,0,0,0,0,0
19,63,0,0,0,0,0
15,42,0,0,0,0,0
15,66,0,0,0,0,0
84,99,0,0,0,0,0
6,118,0,0,0,0,0
67,85,0,0,1,0,0
3,24,0,0,0,0,0
60,97,0,0,0,0,0
82,124,0,0,0,0,0
69,98,1,1,1,0,1
82,90,0,0,0,0,0
32,122,0,0,0,0,0
13,74,0,0,0,0,0
20,76,0,0,0,0,0
25,59,0,1,0,1,1
14,103,0,0,0,0,0
13,102,0,0,0,0,0
6,99,0,0,0,0,0
32,99,0,0,0,0,0
24,99,0,0,1,0,0
34,80,0,0,0,0,0
61,74,0,0,0,0,0
74,109,0,0,0,0,0
6,76,0,0,0,0,0
63,80,1,1,1,1,0
37,82,0,0,0,0,0
27,117,0,0,0,0,0
17,26,0,0,0,0,0
55,101,0,0,0,0,0
52,120,0,0,0,0,0
17,117,0,0,1,0,0
40,74,0,0,0,0,0
59,69,0,0,0,0,0
45,56,1,0,1,1,1
66,93,0,0,0,0,0
56,64,0,0,0,0,0
51,56,0,0,0,0,1
25,82,0,0,0,0,0
70,106,0,0,0,0,0
3,68,0,0,0,0,0
42,83,0,0,0,0,0
8,24,0,0,0,0,0
31,35,0,0,0,0,0
101,125,0,1,0,0,0
8,14,0,0,0,0,0
8,68,0,0,0,0,0
93,120,0,0,0,0,0
44,87,0,0,0,0,0
32,109,0,0,0,0,0
6,66,0,0,0,0,0
46,76,0,0,0,0,1
110,116,0,0,0,0,0
4,53,1,0,0,0,1
55,91,0,0,0,1,0
21,88,0,0,0,0,0
85,100,0,0,0,1,0
41,99,0,0,0,0,0
32,83,0,0,0,1,0
57,70,0,0,0,0,0
17,70,0,0,0,0,0
2,6,0,0,0,0,0
90,120,0,0,0,0,0
68,85,0,0,0,0,0
90,100,0,0,0,0,0
60,66,0,0,0,0,0
5,34,0,0,0,0,0
65,102,0,0,0,0,0
3,36,0,0,0,0,0
41,84,0,0,0,0,0
5,44,0,1,0,0,0
35,65,0,0,0,0,0
45,103,0,0,0,0,1
77,96,1,0,0,0,0
5,116,0,0,0,0,0
53,99,0,0,0,0,0
25,29,0,0,0,0,0
32,33,0,0,1,0,0
2,62,0,0,0,1,0
53,125,0,0,0,0,0
56,117,0,0,1,0,0
73,76,0,0,0,0,0
62,125,1,1,1,1,1
55,83,0,0,0,0,0
5,69,0,0,1,0,1
26,62,0,0,0,0,0
20,81,0,0,0,0,0
2,27,0,1,1,1,1
4,111,0,0,0,0,0
44,99,0,0,1,0,0
4,20,0,0,0,0,0
46,101,0,0,0,0,0
62,79,0,0,0,0,0
14,76,0,0,0,1,0
77,87,0,0,0,0,0
61,80,0,0,0,0,0
84,91,0,0,0,0,0
8,123,1,1,1,1,1
56,76,0,0,0,1,0
7,56,0,0,0,0,0
7,106,0,0,0,0,0
7,84,1,0,0,0,0
29,123,0,0,0,0,0
42,111,0,0,0,0,0
64,66,0,0,0,1,0
67,118,0,0,0,0,0
20,100,0,0,0,0,0
96,112,0,0,0,0,0
12,20,0,0,0,0,0
13,80,0,1,1,1,1
68,120,0,0,0,0,0
4,12,0,0,0,0,0
2,73,0,0,0,0,0
80,110,0,0,0,0,0
104,116,0,0,0,0,0
94,116,1,1,1,0,0
74,80,0,0,0,0,0
26,84,0,0,0,0,0
78,80,0,1,0,0,0
2,93,0,0,0,0,0
70,121,1,1,1,0,1
12,110,0,0,0,0,0
20,96,0,0,0,0,0
6,116,0,0,0,0,0
42,76,0,0,0,0,0
40,106,1,1,1,1,1
94,122,0,0,1,0,0
84,112,1,1,1,1,1
35,51,0,0,0,0,0
21,125,0,0,1,0,0
42,49,0,0,0,0,0
13,44,1,0,0,0,0
8,125,0,0,0,0,0
24,27,0,0,0,0,0
32,80,0,0,0,0,0
90,121,0,0,0,0,0
33,37,0,0,0,0,0
17,61,0,0,0,0,0
3,83,0,0,0,0,0
34,57,0,0,0,0,0
56,94,0,0,0,0,0
21,111,0,0,0,0,0
80,97,1,1,1,0,1
120,125,0,0,0,0,0
35,98,0,0,0,0,0
107,111,0,0,0,0,0
40,124,0,0,0,0,0
74,125,0,0,0,0,0
7,64,0,1,0,1,0
2,120,0,0,0,0,0
29,33,0,0,0,0,0
5,120,0,0,0,0,0
69,82,0,0,0,0,0
27,33,0,0,0,0,0
49,85,0,0,0,0,0
19,82,0,0,0,0,0
24,35,0,0,0,0,0
24,116,0,0,0,0,0
19,64,1,1,1,1,1
15,67,0,0,0,0,0
62,106,0,0,0,0,0
67,84,0,0,0,0,0
60,96,1,0,1,0,1
4,101,0,1,0,0,0
51,62,0,0,1,0,0
5,109,0,0,0,0,0
82,125,0,0,0,0,0
69,99,0,0,0,0,0
82,93,0,0,0,0,0
4,46,0,0,0,0,0
32,121,0,0,0,0,0
13,77,0,0,0,0,1
55,112,0,0,0,0,0
41,69,1,1,1,0,1
46,65,0,0,0,0,0
24,98,0,0,0,0,0
4,96,0,0,0,0,0
6,77,0,0,0,0,0
63,87,0,0,0,0,0
37,83,0,0,1,0,0
97,121,1,1,0,0,1
27,110,0,0,0,0,0
17,27,1,0,0,0,0
55,106,0,0,0,0,1
52,123,0,0,0,0,0
17,116,0,1,1,0,0
40,77,0,0,0,0,0
102,110,1,0,1,0,0
5,99,0,0,0,0,0
45,57,0,0,0,0,0
45,79,0,0,0,0,0
3,5,1,1,1,0,1
56,67,0,0,0,0,1
51,59,0,0,0,0,0
25,85,0,0,0,0,0
3,69,0,1,0,1,0
42,80,0,0,0,0,0
70,118,0,0,0,0,0
31,34,0,0,0,0,0
101,124,1,1,0,1,1
2,66,0,0,0,0,0
44,80,0,0,0,1,0
53,87,0,0,0,0,0
6,61,0,0,0,0,0
66,74,0,0,0,0,0
5,37,0,0,0,0,0
110,117,0,0,0,1,1
55,90,0,0,0,0,0
46,53,1,0,0,1,1
19,112,0,0,0,0,0
3,35,0,0,0,0,0
17,73,0,0,0,0,0
65,122,0,0,0,0,0
35,79,0,0,0,0,0
79,121,0,0,0,0,0
26,99,0,0,0,0,0
90,103,0,0,1,0,0
60,67,0,0,0,0,0
49,76,0,0,0,0,0
81,111,1,1,1,1,1
3,31,0,1,0,0,1
41,83,0,0,1,0,0
5,45,0,0,0,0,0
84,106,1,1,1,1,1
67,125,0,0,0,0,0
45,102,0,0,0,0,0
15,49,0,0,0,0,0
77,99,0,0,0,0,0
7,99,0,1,0,0,1
53,98,1,0,0,0,0
32,34,0,0,0,0,0
56,110,1,0,0,0,0
4,42,0,0,0,0,1
55,80,0,1,0,0,0
26,63,0,0,0,0,0
2,26,0,0,0,0,0
88,109,0,0,0,0,0
4,116,0,0,0,0,0
44,98,0,0,0,0,0
14,98,0,0,1,0,0
4,27,0,0,0,0,0
46,106,0,0,0,0,0
62,78,1,0,0,0,0
42,124,0,0,0,0,0
14,77,0,0,0,0,0
77,84,0,0,0,0,0
24,102,0,0,0,0,0
5,57,0,1,1,1,1
61,83,0,0,0,0,0
83,125,0,0,0,0,1
84,90,0,0,0,0,0
63,73,1,0,1,1,1
82,117,0,0,0,0,0
36,40,0,0,0,0,0
7,55,1,1,0,0,0
7,107,0,0,0,0,0
6,90,0,0,0,0,0
7,85,0,0,0,0,0
61,63,0,0,0,0,0
15,37,0,1,0,0,0
29,122,0,0,0,0,0
33,77,0,0,0,0,0
64,67,0,0,0,0,0
12,42,0,0,0,0,0
34,64,1,1,1,1,0
20,101,0,0,0,1,0
8,36,0,0,0,0,0
34,121,0,1,0,0,0
40,44,0,0,0,0,0
87,104,0,0,0,0,0
41,68,0,0,0,0,0
59,60,0,0,0,0,0
13,81,0,0,0,0,0
20,74,0,0,0,0,0
3,106,0,0,0,0,0
68,121,0,1,0,0,0
4,13,0,0,0,0,0
2,70,0,0,0,0,0
80,117,0,0,0,0,0
94,117,0,0,1,0,0
74,87,1,1,1,1,1
26,85,0,0,1,1,0
66,120,0,0,0,0,0
56,109,0,0,0,0,0
21,45,0,0,0,0,0
37,49,0,0,0,0,0
12,111,1,1,1,1,1
91,93,0,0,0,0,0
3,7,0,0,0,0,0
20,91,0,1,0,0,1
85,109,0,0,0,0,0
40,107,0,0,0,0,0
94,121,0,0,1,0,1
78,107,1,1,0,1,0
84,111,1,1,1,1,1
44,112,0,0,0,0,0
21,124,0,0,0,0,0
44,62,1,1,1,0,1
13,45,0,0,0,0,0
33,44,0,0,0,1,0
12,17,0,0,0,0,0
91,116,0,1,0,0,0
37,64,1,0,0,1,0
33,36,0,0,1,0,0
65,110,0,1,0,0,0
17,66,0,0,0,0,0
60,109,0,0,0,0,0
41,51,0,0,0,0,0
4,97,0,0,0,0,0
94,96,1,1,0,0,0
21,116,0,0,0,0,0
80,96,0,0,0,1,0
107,116,0,0,0,1,0
104,123,0,0,0,0,0
40,125,0,0,0,0,0
74,124,0,0,0,0,0
7,65,0,0,0,0,0
2,123,0,0,0,0,0
14,49,0,0,0,0,0
59,99,0,0,0,0,0
68,70,0,0,0,0,0
5,121,0,0,0,0,0
4,112,0,0,0,0,0
69,85,1,1,1,1,1
36,116,0,0,1,0,1
49,84,1,1,1,1,1
51,79,0,1,0,0,0
31,66,0,0,0,0,1
19,83,0,0,0,1,0
24,34,0,0,0,0,0
24,111,0,0,0,0,0
19,65,0,0,0,0,0
52,78,0,0,0,0,0
15,60,0,0,0,0,0
62,107,0,0,1,0,0
91,96,0,0,0,0,0
67,83,0,0,1,0,1
60,99,0,0,0,0,0
53,59,0,0,0,0,0
51,63,1,1,1,1,1
5,106,0,0,0,0,0
5,88,0,0,0,0,0
13,99,0,0,1,0,0
32,120,0,0,0,0,0
13,76,0,0,0,0,0
5,8,0,0,0,0,0
7,29,0,0,0,0,0
69,125,0,0,0,0,0
55,57,0,0,0,1,0
61,76,0,0,0,0,0
6,74,0,0,0,0,0
37,80,1,0,0,1,0
40,88,0,0,0,0,0
27,111,0,0,0,0,0
17,24,0,0,0,0,0
55,107,1,1,0,0,1
52,122,0,0,0,0,0
40,76,0,0,0,0,0
12,83,0,0,0,0,0
33,55,0,0,0,0,1
5,98,0,0,1,0,1
66,91,0,0,0,0,0
56,66,0,0,0,0,0
14,34,0,0,0,0,0
64,109,0,0,0,0,0
25,84,1,1,1,1,1
70,104,0,0,0,0,1
3,66,0,0,0,0,0
42,81,0,0,0,0,0
3,40,0,1,0,0,0
31,37,0,0,0,1,1
90,94,1,0,0,0,0
2,69,0,0,0,0,0
44,81,0,0,0,0,0
25,94,0,0,0,0,0
65,88,0,0,0,0,0
6,60,0,0,0,0,0
57,109,0,0,0,0,0
66,77,0,0,0,0,0
46,74,0,0,0,0,0
55,93,0,0,0,0,1
46,52,0,0,0,0,0
88,106,0,0,0,0,0
3,59,0,0,0,0,0
36,104,0,0,0,0,0
65,121,0,0,0,0,0
6,36,0,0,0,0,0
60,117,0,0,0,1,1
35,78,0,0,0,0,0
52,110,1,0,0,1,1
103,125,0,0,0,0,0
90,102,0,0,1,0,0
90,116,0,0,0,1,0
73,110,0,0,0,0,0
34,94,0,0,0,1,0
5,32,1,0,0,0,0
97,100,0,0,0,0,0
41,82,0,0,0,0,0
84,107,0,0,0,0,0
67,124,0,0,0,0,0
45,101,0,0,0,0,0
77,98,0,0,0,0,0
57,91,0,0,0,0,0
7,98,0,0,0,0,0
5,118,1,0,0,1,1
6,106,1,1,1,0,1
21,93,0,0,0,0,0
25,27,0,0,0,0,0
32,35,0,0,0,0,0
5,7,0,0,0,1,0
56,111,0,0,0,0,0
73,74,0,0,0,0,0
4,45,0,0,0,0,0
55,81,0,0,0,0,0
26,60,0,0,0,0,0
4,107,0,0,0,0,0
2,21,0,0,0,0,0
117,118,0,1,1,1,0
87,93,0,0,0,0,0
44,97,0,0,0,0,0
14,99,0,0,1,0,0
4,26,0,0,0,0,0
81,109,1,1,1,1,0
53,68,1,0,0,0,0
46,107,0,0,0,0,0
37,110,0,0,0,0,0
14,78,0,0,0,0,0
77,85,0,0,0,0,0
24,103,0,0,0,0,0
5,56,0,0,0,0,0
61,82,0,0,0,0,0
84,97,0,0,0,0,0
63,70,0,1,1,1,0
82,116,0,0,0,0,0
106,118,0,0,0,0,0
41,46,0,0,0,0,0
25,45,0,0,0,0,0
61,62,0,0,0,0,0
53,109,0,0,0,0,0
31,74,0,0,0,1,0
24,88,0,0,0,0,0
15,36,0,0,0,0,0
29,121,0,1,0,0,0
33,76,0,0,0,0,0
25,73,0,0,0,0,0
73,120,0,0,0,0,0
12,41,0,0,0,0,0
34,67,0,0,0,0,0
40,59,0,1,1,0,1
15,120,1,0,0,1,1
40,45,0,0,0,0,0
87,107,0,0,0,0,0
44,109,1,0,0,0,0
13,82,0,0,0,0,0
3,107,0,0,0,0,0
68,122,0,1,1,0,1
116,120,0,0,0,0,0
80,116,0,0,0,0,0
66,121,0,0,1,0,0
64,87,0,0,0,0,0
27,88,0,0,0,0,0
20,37,0,0,0,0,1
31,124,0,0,0,0,0
17,88,0,0,0,0,0
12,112,1,1,1,1,1
101,117,0,0,0,0,0
20,90,1,1,1,1,0
42,74,0,0,0,0,0
29,78,0,0,0,0,0
3,25,0,0,0,0,0
78,106,1,0,0,0,1
84,110,0,0,0,0,0
21,123,1,1,1,1,1
13,46,0,0,0,1,0
33,45,0,0,0,0,0
44,118,0,0,0,0,0
91,111,0,0,0,0,0
37,65,0,0,0,0,0
33,35,0,0,0,0,0
65,111,0,0,0,0,0
2,116,0,0,0,0,0
4,81,0,0,0,0,0
33,63,0,1,1,0,0
17,67,0,0,0,0,0
41,52,0,1,0,0,0
12,74,0,0,0,0,0
29,41,0,0,1,0,0
15,109,0,0,0,0,0
94,97,1,0,1,1,1
56,96,1,0,0,0,0
21,117,0,0,0,0,0
29,104,0,0,0,0,0
4,85,1,1,0,1,1
4,51,0,0,0,0,0
107,117,0,0,0,0,0
77,117,0,0,0,0,0
4,69,1,1,1,1,1
2,122,0,0,0,0,0
59,98,0,0,0,0,0
5,122,0,0,0,0,0
69,84,0,0,0,0,0
27,31,0,0,0,0,0
51,96,0,0,0,0,0
49,83,0,0,0,0,0
51,78,1,0,0,0,0
74,90,0,0,0,0,0
31,67,0,0,0,1,1
19,80,0,0,0,1,0
2,55,0,0,0,0,0
42,65,0,0,0,0
45,76,0,1,0,0,0
24,110,0,0,0,0,0
19,66,0,0,0,0,0
52,79,0,0,0,0,0
62,100,0,0,0,0,0
67,82,0,0,0,0,0
60,98,0,0,0,0,0
51,69,0,0,0,0,0
15,99,0,0,0,0,0
5,107,0,0,0,0,0
13,98,0,0,0,0,0
13,112,0,0,0,0,0
56,88,0,0,0,0,0
7,26,0,0,0,0,0
13,32,0,0,0,0,0
69,124,0,0,0,0,0
55,56,0,0,0,0,0
4,94,0,0,0,0,0
61,77,0,0,0,0,0
63,85,0,0,0,0,0
37,81,0,0,0,0,0
27,112,0,0,0,0,0
17,25,0,0,0,0,0
55,104,0,0,0,0,0
41,61,0,0,0,0,0
12,82,0,0,0,0,0
96,109,0,0,0,0,0
45,51,0,0,0,0,0
66,90,0,0,0,1,0
14,35,0,0,0,0,0
25,87,0,0,0,0,0
70,103,0,1,0,0,0
3,67,0,0,0,0,0
3,41,0,0,0,1,0
8,21,1,1,1,1,1
53,69,0,1,1,0,1
64,117,0,0,0,0,0
2,68,0,0,0,0,0
32,118,1,1,1,1,1
6,63,0,0,0,0,0
66,76,0,1,0,0,0
46,73,0,0,0,0,1
4,56,0,0,0,0,0
117,125,0,0,0,0,0
21,85,0,0,0,0,1
55,79,1,1,1,1,1
41,94,0,0,0,0,0
57,59,0,0,0,0,0
66,100,0,0,0,0,0
21,69,0,0,0,0,0
36,107,1,1,1,1,1
64,116,0,0,0,0,0
6,37,0,0,0,0,0
107,122,0,0,0,0,0
60,116,0,0,0,0,0
52,111,0,0,0,0,0
74,94,0,0,0,0,0
103,124,0,0,0,0,0
90,117,0,0,0,0,0
49,74,0,0,0,0,0
3,33,1,0,0,0,0
97,101,0,1,1,1,1
41,81,0,0,0,0,0
88,104,0,0,0,0,0
35,68,0,0,0,0,0
45,100,0,1,1,0,0
25,26,0,0,0,0,0
32,36,1,0,0,0,0
17,83,0,0,1,0,0
56,112,0,0,0,0,0
21,41,0,0,0,0,0
4,44,0,0,0,0,0
6,29,0,0,0,0,0
26,61,0,0,0,0,0
91,120,0,0,0,0,0
66,67,0,0,0,0,0
2,20,0,0,0,0,0
87,90,0,0,0,0,0
44,96,0,0,0,0,0
14,96,0,1,0,1,0
4,25,0,0,0,0,0
46,104,1,0,0,0,1
49,77,0,0,0,0,0
14,79,0,0,0,0,0
24,100,0,0,0,0,0
13,19,0,0,0,1,0
61,85,0,0,0,0,0
84,96,0,0,0,0,0
45,90,0,0,0,0,0
82,111,0,0,0,0,0
8,120,0,0,0,0,0
7,53,0,0,0,0,0
7,109,0,0,0,0,0
41,45,0,1,0,0,1
63,90,0,0,0,0,0
7,87,0,0,0,0,1
25,44,0,0,0,0,0
31,77,0,0,0,0,0
15,35,0,0,0,0,0
29,120,0,0,0,0,0
73,121,1,1,1,1,1
12,40,1,1,1,0,1
34,66,0,0,0,0,0
40,46,0,0,0,0,0
87,106,0,0,0,0,0
109,121,0,0,0,0,0
44,124,0,0,1,0,0
13,83,0,0,0,0,1
33,120,0,0,0,0,0
3,100,0,0,0,0,0
68,123,0,0,0,1,0
3,19,0,0,0,0,0
74,85,1,0,0,0,0
26,87,0,0,0,0,1
64,84,0,0,0,0,0
20,36,1,1,0,0,0
31,125,0,0,0,0,0
2,96,0,0,0,0,0
3,20,0,0,0,0,0
20,93,0,0,0,0,0
29,79,0,0,0,0,0
117,122,0,0,0,0,0
29,112,0,0,0,0,0
70,87,0,0,0,0,0
21,122,1,0,0,1,0
13,106,0,0,0,0,0
33,42,0,0,0,0,0
12,19,0,0,0,0,0
32,85,0,1,1,1,1
91,110,0,0,0,0,0
37,66,0,0,0,0,0
33,34,0,0,0,0,0
65,116,0,0,0,0,0
2,117,0,0,0,0,0
17,64,0,1,1,1,1
41,53,0,0,0,0,0
15,106,0,0,0,0,0
56,97,0,0,0,1,0
80,94,1,1,1,1,0
4,84,0,0,0,0,0
52,68,0,0,0,0,1
77,116,0,0,0,0,0
4,68,0,0,0,0,0
2,125,0,0,1,0,0
36,37,0,0,0,0,0
5,123,0,0,0,0,0
51,87,0,0,0,0,0
4,103,1,0,0,0,0
19,91,1,1,1,1,1
27,36,0,0,0,0,0
49,82,0,0,0,0,0
74,91,0,0,0,0,0
31,64,0,1,0,0,0
19,81,0,0,0,0,0
2,56,0,0,0,0,0
45,77,0,0,0,0,0
19,67,0,0,0,0,0
62,101,0,0,0,0,1
68,69,0,0,0,0,0
19,79,0,0,0,0,0
36,117,0,1,0,0,0
53,57,1,1,1,0,1
15,98,0,0,0,0,0
5,104,1,1,0,0,0
85,104,0,0,0,0,1
82,94,0,0,0,0,0
13,111,0,0,0,0,0
7,27,0,0,0,0,0
8,98,0,0,0,0,0
15,51,0,0,0,0,0
37,68,0,0,0,0,0
7,8,0,0,0,0,0
87,111,0,0,0,0,0
61,70,0,0,0,0,0
26,34,0,0,0,0,0
63,84,0,0,0,0,0
4,90,0,0,0,0,0
40,70,0,0,0,0,0
12,81,1,1,1,1,1
33,57,0,0,0,0,0
104,124,0,0,0,0,0
45,52,0,0,0,0,0
66,97,0,0,0,0,0
91,109,0,0,0,0,0
13,109,0,0,0,0,0
14,36,0,0,0,0,0
32,112,0,0,0,0,0
70,102,0,0,1,1,0
3,64,0,0,0,0,0
3,42,0,0,0,0,0
8,20,0,0,0,0,0
4,117,0,1,0,1,0
100,109,0,0,0,0,0
29,52,1,1,0,0,0
6,62,0,0,0,0,0
4,57,0,1,0,1,0
21,84,0,0,0,0,0
13,31,0,0,0,0,0
80,88,0,0,0,0,0
66,101,0,0,0,0,0
21,68,0,0,0,0,0
36,106,0,0,0,0,0
6,34,0,0,0,0,0
60,111,0,0,0,0,0
52,112,0,0,0,0,0
49,110,0,0,0,0,0
90,104,0,0,0,0,0
34,96,0,0,0,0,0
3,32,0,0,0,0,0
97,102,0,0,0,0,0
41,80,0,0,0,0,0
42,125,1,1,0,1,1
35,69,0,0,0,0,0
45,107,0,0,0,0,0
55,98,0,0,0,0,0
32,37,0,0,0,1,0
46,122,0,0,0,0,0
94,109,0,0,0,1,0
63,121,1,1,0,1,1
55,87,0,0,0,0,0
14,97,0,0,0,0,0
4,24,0,0,0,0,0
6,112,1,1,1,1,1
37,112,0,0,0,0,0
24,101,1,1,0,1,1
26,122,0,0,0,0,0
61,84,0,0,0,0,0
6,53,0,0,0,0,0
29,98,0,0,0,0,0
45,91,0,0,0,0,1
82,110,0,0,0,0,0
36,45,1,0,1,0,0
7,52,0,0,0,0,0
41,44,0,0,0,0,0
63,91,1,0,1,1,1
7,88,0,0,0,0,0
45,69,0,0,0,0,0
8,121,0,0,0,0,0
31,76,0,0,1,0,0
15,34,0,0,0,0,0
33,74,0,0,0,0,0
24,60,0,0,0,0,0
79,109,0,0,0,1,0
73,122,0,0,0,0,0
34,61,0,0,0,0,0
40,57,0,0,0,0,0
96,116,0,0,0,0,0
87,101,0,0,0,0,0
109,120,0,0,0,0,0
64,102,0,0,1,0,0
44,125,1,1,1,0,1
33,121,1,1,0,0,0
56,121,0,0,0,0,0
65,70,0,0,0,0,0
3,101,0,0,0,0,0
6,101,0,0,0,0,0
68,124,0,0,0,0,0
74,84,0,0,0,0,0
26,80,0,0,0,0,0
64,85,0,0,0,0,0
40,117,0,0,0,0,0
20,35,0,0,0,0,0
31,122,0,0,0,0,0
32,63,0,0,0,0,0
2,97,0,0,0,0,0
101,111,0,0,0,0,0
35,123,0,0,0,0,0
69,81,0,0,0,0,0
78,104,0,0,0,0,0
21,121,0,0,0,0,0
7,19,0,1,1,1,1
37,99,0,0,0,0,0
32,84,0,0,0,0,0
64,121,0,0,0,0,0
2,110,0,0,0,0,0
17,65,0,0,0,0,0
56,98,0,0,0,0,0
80,93,0,0,0,0,0
4,87,1,0,0,0,0
49,109,1,1,1,1,1
81,83,0,0,0,0,0
77,111,0,0,0,0,0
2,124,0,0,0,0,0
51,84,0,0,0,0,0
4,102,0,0,0,0,0
19,90,1,1,1,1,1
15,64,0,0,0,0,0
27,37,0,0,0,0,0
49,81,1,1,1,1,1
31,65,1,0,0,1,0
2,57,0,0,0,0,0
24,112,0,0,0,0,0
19,68,1,1,1,0,1
62,102,0,0,0,0,0
67,80,0,0,0,0,0
17,101,0,0,0,0,0
53,56,0,0,0,0,1
5,87,0,0,0,0,0
82,97,0,0,0,0,0
32,125,0,0,0,0,0
13,110,0,1,0,0,0
7,24,1,0,0,0,1
8,99,1,1,1,1,1
87,116,0,0,0,0,0
118,125,0,0,0,0,0
26,37,0,0,0,0,0
17,112,0,0,0,0,0
40,73,0,0,0,0,0
12,80,0,0,0,0,0
96,107,0,0,0,0,0
33,56,0,0,0,0,0
117,121,0,0,0,0,0
45,53,0,0,0,0,0
66,96,0,0,1,0,0
14,37,1,1,0,1,0
70,101,1,0,0,1,1
3,65,1,1,0,0,0
51,109,0,0,0,0,1
8,19,0,0,0,0,0
29,53,0,1,0,0,0
65,85,0,0,0,0,0
57,104,0,0,0,0,1
66,70,0,0,0,0,0
98,101,0,0,0,0,0
21,87,0,0,0,0,0
83,121,1,0,0,0,0
49,125,0,0,0,0,0
17,57,0,0,0,0,0
41,96,0,1,0,1,0
6,94,0,0,0,0,0
66,102,0,0,0,0,0
20,21,0,0,0,0,0
60,79,0,0,0,0,0
64,118,0,0,0,0,0
6,35,1,1,1,0,1
60,110,0,0,0,0,0
36,118,0,0,0,0,0
42,121,0,1,1,0,0
55,77,0,0,0,0,0
49,111,1,1,0,1,1
90,107,0,0,0,0,0
35,117,0,0,0,0,0
34,97,1,0,0,0,0
70,73,1,1,1,1,1
97,103,0,0,0,0,0
7,44,1,1,1,0,1
67,121,0,0,0,0,0
53,74,0,0,0,0,0
45,106,0,0,0,0,0
66,104,0,0,0,0,0
63,120,0,0,0,0,0
15,20,0,0,0,0,0
73,79,0,0,0,0,0
107,124,1,1,1,1,1
55,84,0,0,1,1,0
3,112,0,0,0,0,0
44,94,0,0,0,0,0
14,94,0,0,0,0,0
34,107,0,0,0,0,0
42,120,0,0,0,0,0
77,88,0,0,0,0,0
24,106,0,0,0,0,0
13,17,0,0,0,0,0
61,87,0,0,0,0,0
29,99,0,0,0,0,1
36,44,0,0,0,0,0
7,51,0,0,0,0,0
25,46,0,0,0,0,0
61,67,0,0,0,0,0
45,68,0,0,0,0,0
31,79,0,0,0,0,0
15,33,0,0,0,0,0
44,66,0,0,0,0,0
33,73,0,0,0,0,0
24,61,0,0,0,0,0
73,123,0,0,0,0,0
85,110,0,1,0,0,0
34,60,0,0,0,0,0
40,56,0,0,0,0,0
96,117,0,0,0,1,0
87,100,0,1,1,1,1
32,49,0,0,0,0,0
44,104,0,1,0,0,0
109,123,0,1,1,0,0
44,122,1,1,1,1,1
33,122,0,0,1,0,0
56,120,0,1,1,0,1
3,102,0,0,0,0,0
68,125,0,1,1,0,1
21,44,0,0,0,0,0
26,81,0,0,0,0,0
66,124,0,0,0,0,0
64,82,0,0,0,0,0
40,116,0,0,0,0,0
91,125,1,1,0,0,0
20,34,0,1,0,1,1
31,123,0,0,0,0,0
42,99,0,0,0,0,0
32,62,0,0,0,0,0
101,112,0,0,0,0,0
84,88,0,0,0,0,0
27,65,0,0,0,0,0
78,103,0,0,0,0,0
25,118,0,0,0,0,0
29,110,0,0,1,0,0
70,85,0,0,0,0,0
21,120,0,0,0,0,0
65,67,0,0,0,0,0
25,68,0,0,0,0,0
37,98,0,1,0,0,0
97,99,0,0,0,0,0
31,80,0,0,0,0,0
13,49,0,0,0,0,0
33,40,0,0,0,0,0
109,118,0,0,0,0,0
35,49,1,1,1,1,1
32,87,0,0,0,1,0
91,112,0,0,0,0,0
37,60,0,0,0,1,0
2,111,0,0,0,0,0
3,70,0,0,0,1,0
41,55,0,0,0,0,0
3,88,0,0,0,0,0
15,104,0,0,0,0,0
56,99,0,0,0,0,0
35,93,1,1,1,1,1
81,82,0,0,0,0,0
77,110,0,0,0,0,0
36,85,0,0,0,0,0
82,83,0,0,0,1,0
51,85,0,0,0,0,0
19,93,0,0,0,0,0
27,34,0,0,0,0,0
26,103,0,0,1,0,0
49,80,0,0,0,0,0
74,93,0,0,0,0,0
66,106,0,0,0,0,0
31,62,0,0,0,0,0
19,87,0,0,0,0,0
19,69,0,0,0,0,0
62,103,0,0,0,0,0
84,98,0,0,0,0,0
17,102,0,1,1,0,0
24,79,0,0,0,0,0
53,55,0,0,0,0,0
5,102,0,0,0,0,0
5,84,0,0,0,0,0
94,120,0,0,0,0,0
82,96,0,0,0,0,0
62,69,0,0,0,1,0
13,117,0,0,0,0,0
76,93,0,0,0,0,0
20,78,0,0,1,0,0
67,107,0,0,0,0,0
15,53,0,0,0,0,0
26,40,0,0,0,0,0
32,93,0,0,0,0,0
87,117,0,0,0,0,0
118,124,0,0,0,0,0
26,36,0,0,0,0,0
74,103,1,1,1,1,1
17,20,1,1,0,1,0
17,111,0,0,0,0,0
12,87,0,0,0,0,0
96,106,0,0,0,0,0
33,51,0,0,0,0,0
31,49,0,0,0,0,0
103,116,0,0,0,0,0
5,94,0,0,0,0,0
117,123,0,0,0,0,0
7,118,0,0,0,0,0
21,97,0,0,0,0,0
25,88,0,0,0,0,0
84,85,0,0,0,0,0
70,100,0,0,0,0,0
3,62,0,1,0,0,0
3,44,0,0,0,0,0
31,33,0,0,0,0,0
65,84,0,0,0,0,0
67,101,0,0,0,1,0
66,73,0,0,0,0,0
46,70,0,0,0,0,0
110,118,0,1,1,1,1
4,55,0,0,0,0,0
117,120,0,0,0,0,0
98,100,0,0,0,0,1
49,124,0,0,0,0,0
20,57,0,0,1,1,0
17,56,0,0,0,0,0
41,97,0,0,0,0,0
6,42,0,0,0,0,0
32,82,0,0,0,1,0
26,118,0,0,0,0,0
60,78,0,0,0,0,0
6,32,0,0,0,0,0
51,124,1,1,0,1,1
101,123,0,0,0,0,0
49,112,1,1,1,1,1
90,106,0,0,0,0,0
91,124,1,0,0,0,0
15,124,0,0,0,0,0
34,90,1,1,1,0,0
41,103,0,0,0,0,0
97,104,0,0,0,0,0
67,120,0,1,0,0,0
53,77,0,0,0,0,0
76,81,0,0,0,0,0
53,93,0,0,0,0,1
93,122,0,0,0,0,0
2,88,0,0,0,0,0
63,123,0,0,0,0,0
15,21,0,0,0,0,0
73,78,0,0,0,0,0
79,84,0,0,0,0,0
55,85,0,0,0,0,0
3,111,0,0,0,0,0
44,93,0,0,0,0,0
36,70,1,1,1,1,1
6,7,0,0,0,0,0
26,97,0,0,0,0,0
34,106,0,0,0,0,0
85,125,0,0,0,0,0
24,107,1,0,1,0,0
45,93,0,0,0,0,0
82,112,1,0,0,0,0
51,118,0,0,0,0,0
15,111,0,0,0,0,0
69,118,1,1,1,1,1
63,93,0,0,0,0,0
25,41,0,0,0,0,0
61,66,0,0,0,0,0
33,88,0,0,0,0,1
31,78,0,0,0,0,0
15,32,0,0,0,0,0
24,62,0,0,0,0,0
69,101,1,0,0,0,0
85,111,0,0,0,0,0
34,63,0,0,0,0,0
40,55,0,1,0,0,0
96,118,0,0,0,0,0
40,41,0,0,0,0,0
87,103,0,1,1,0,1
109,122,0,0,0,0,0
8,59,0,0,0,0,0
44,123,0,1,0,0,0
33,123,1,0,1,1,0
56,84,0,0,0,0,0
56,123,0,0,0,0,0
3,103,0,0,0,0,1
26,82,0,0,0,0,0
66,125,0,0,0,0,0
64,83,0,0,0,0,0
20,33,0,0,0,0,0
31,120,0,1,1,1,1
42,98,0,0,0,0,0
32,61,0,0,0,0,0
52,88,0,0,0,0,0
103,110,0,0,0,0,0
78,102,0,0,0,0,0
29,111,0,0,0,0,0
88,97,0,0,1,0,0
70,84,0,0,0,0,0
65,66,0,0,0,0,0
97,98,0,0,0,0,0
33,41,1,0,0,0,0
36,46,0,0,0,0,0
37,61,0,0,0,0,0
64,123,0,0,0,0,0
2,112,0,0,0,0,0
3,73,0,0,0,0,0
41,56,0,0,0,0,0
80,91,0,1,0,0,0
13,26,0,0,0,0,0
33,99,1,1,1,1,1
14,19,0,0,0,0,0
36,84,0,0,0,0,0
27,121,0,0,0,0,0
59,94,0,0,0,0,0
51,82,0,0,0,0,0
27,35,0,0,0,0,0
31,63,0,0,0,0,0
49,69,0,0,0,0,0
19,84,0,0,0,0,0
2,51,0,0,0,0,0
63,109,0,0,0,0,0
17,103,0,0,0,0,0
24,78,0,1,1,0,0
34,116,0,0,0,0,0
4,100,0,0,0,0,0
5,103,0,0,0,0,0
5,85,0,0,0,0,1
69,93,0,0,0,0,0
62,66,0,0,0,0,0
13,116,0,0,0,0,0
36,69,0,0,0,0,0
55,118,0,0,0,0,0
76,90,0,0,0,0,0
13,51,0,1,1,1,1
67,106,0,0,0,0,0
15,52,0,0,0,0,0
26,41,0,0,0,0,0
32,90,0,0,0,0,0
56,59,0,0,0,0,0
40,99,0,0,0,0,0
118,123,0,0,0,0,0
61,73,0,0,0,0,0
26,31,0,0,1,1,0
74,102,0,0,0,0,0
37,123,0,0,0,0,0
17,21,0,0,0,0,0
17,110,0,0,0,0,1
103,117,0,0,0,0,0
5,97,0,0,0,0,0
7,117,0,0,0,0,0
66,94,0,0,0,0,0
29,84,0,0,0,0,0
14,31,0,0,0,1,0
3,63,0,0,0,0,0
52,64,0,0,0,0,0
3,45,0,1,0,0,0
31,32,0,0,0,0,0
31,70,0,1,0,0,0
15,61,0,0,0,0,0
78,98,0,0,0,0,0
100,104,0,0,0,0,0
29,51,0,0,0,0,0
65,87,1,1,1,1,0
26,29,0,0,0,0,0
57,106,0,0,0,0,0
49,73,0,0,0,0,0
55,96,0,0,0,0,0
98,103,0,0,0,0,0
21,81,0,0,0,0,0
17,55,0,0,0,0,0
41,90,0,1,0,0,0
2,8,0,1,0,0,0
6,41,0,0,0,0,0
59,64,0,0,0,0,0
80,109,0,0,0,0,0
60,77,0,0,0,0,0
36,103,0,0,0,0,0
6,33,0,0,0,0,0
60,112,0,0,0,0,0
79,117,0,0,0,0,0
51,125,0,0,0,0,1
17,122,1,1,1,1,1
34,91,1,1,0,1,0
81,112,1,1,1,1,1
8,74,0,0,0,0,0
84,103,0,0,0,0,0
67,123,0,0,0,0,0
53,76,0,0,0,0,0
45,104,0,0,0,0,0
91,94,0,0,0,1,0
76,80,0,0,0,0,0
76,78,0,0,0,0,0
63,122,0,0,1,1,1
3,110,1,1,1,0,1
27,76,0,0,0,0,0
37,120,0,0,0,0,1
4,118,1,1,0,1,0
4,29,0,0,0,0,0
116,118,0,0,0,0,0
26,96,0,1,0,1,0
19,24,0,0,0,0,0
37,117,0,0,0,0,0
85,124,0,0,0,0,0
24,104,0,0,0,0,0
13,15,0,0,0,0,0
7,94,0,0,0,0,0
45,94,0,0,0,0,0
83,101,0,1,1,0,0
8,124,0,0,0,0,0
15,110,0,0,0,0,0
87,110,0,0,0,0,0
42,110,1,0,0,0,1
63,94,1,1,1,1,1
6,91,0,0,0,0,0
25,40,1,1,1,1,1
61,65,0,0,0,0,0
15,31,1,1,0,1,1
24,63,1,1,1,1,1
85,112,0,0,0,0,0
34,62,0,1,0,0,1
35,112,1,1,1,1,1
40,42,0,0,0,0,0
87,102,0,0,0,0,0
59,111,0,1,1,1,1
44,106,0,1,0,0,0
109,125,0,0,0,0,0
8,56,0,0,0,0,0
12,29,0,0,0,0,0
44,120,0,0,0,0,0
33,124,0,0,1,0,0
56,122,0,0,0,0,0
25,122,0,0,0,0,0
65,73,0,0,0,0,0
8,37,0,0,0,0,0
12,109,1,1,1,0,1
42,46,0,0,0,0,0
