68,109,0.05
37,79,0.05
26,83,0.2
69,70,0.2
57,66,0.05
64,80,0.05
27,83,0.05
20,32,0.2
31,121,0.2
32,60,0.05
52,87,0.05
45,120,0.05
21,59,0.05
3,15,0.4
78,101,0.6
25,116,0.05
29,116,0.4
88,96,0.8
70,83,0.2
79,112,0.05
46,99,0.2
68,99,0.2
37,62,0.05
74,76,0.95
41,57,0.2
73,109,0.05
15,102,0.05
21,118,0.05
80,90,0.05
69,104,0.6
29,40,0.05
35,91,0.2
7,122,0.4
33,98,0.4
77,112,0.05
36,87,0.05
59,97,0.05
2,32,0.05
51,83,0.6
51,73,0.6
31,59,0.05
31,60,0.8
36,52,0.2
49,68,0.2
19,85,0.05
2,52,0.2
45,73,0.05
19,37,0.05
31,109,0.05
17,104,0.05
24,77,0.05
73,99,0.05
15,94,0.05
5,100,0.05
5,82,0.05
69,90,0.4
62,67,0.05
13,35,0.05
36,68,0.6
76,91,0.2
6,91,0.05
8,116,0.2
15,55,0.2
24,49,0.05
32,91,0.2
40,98,0.05
118,122,0.2
74,101,0.05
77,120,0.2
61,118,0.05
26,79,0.2
12,85,0.05
96,104,0.05
33,53,0.2
5,96,0.4
7,116,0.2
14,32,0.05
64,103,0.05
84,87,0.05
3,60,0.05
3,46,0.6
78,99,0.6
29,56,0.05
32,101,0.05
46,117,0.4
57,107,0.2
79,122,0.2
98,102,0.4
21,80,0.2
12,59,0.6
41,91,0.2
6,40,0.95
80,84,0.2
59,65,0.05
19,120,0.05
7,79,0.05
60,76,0.05
111,112,0.8
36,102,0.05
35,109,0.6
79,116,0.4
52,116,0.05
17,123,0.2
106,107,0.4
90,110,0.6
70,76,0.05
97,106,0.05
19,109,0.05
57,112,0.05
67,122,0.05
15,40,0.05
76,83,0.2
62,97,0.05
21,90,0.2
6,87,0.05
76,79,0.2
53,91,0.2
27,98,0.05
63,125,0.05
57,124,0.2
3,117,0.2
15,125,0.2
44,91,0.6
14,93,0.2
53,69,0.4
34,104,0.2
42,123,0.2
55,76,0.2
13,14,0.05
61,88,0.05
41,73,0.05
21,109,0.2
83,100,0.4
36,49,0.05
5,15,0.05
61,64,0.05
33,70,0.2
24,64,0.4
67,110,0.05
40,53,0.05
20,124,0.2
15,121,0.05
70,94,0.6
12,45,0.05
59,110,0.05
44,107,0.05
109,124,0.2
8,57,0.05
44,121,0.2
13,88,0.4
33,125,0.4
62,118,0.05
56,125,0.2
65,74,0.8
52,53,0.6
116,123,0.2
87,88,0.05
32,118,0.95
80,118,0.05
37,78,0.05
57,67,0.2
64,81,0.05
27,82,0.05
20,31,0.05
32,67,0.05
79,99,0.95
12,118,0.05
19,73,0.4
45,46,0.2
78,100,0.05
25,117,0.05
29,117,0.05
61,101,0.05
70,82,0.2
73,112,0.05
46,98,0.2
12,98,0.05
35,44,0.05
45,49,0.2
68,98,0.2
37,63,0.05
4,80,0.05
33,64,0.4
74,77,0.05
73,106,0.05
15,103,0.8
69,107,0.05
44,59,0.05
35,90,0.05
117,125,0.2
81,87,0.05
31,112,0.05
59,96,0.05
2,33,0.2
68,79,0.05
51,80,0.8
19,94,0.4
74,96,0.2
31,61,0.05
36,53,0.05
2,53,0.2
45,70,0.05
24,76,0.05
73,98,0.05
15,97,0.05
5,101,0.05
5,83,0.2
69,91,0.05
103,109,0.05
62,64,0.8
36,67,0.2
76,96,0.4
7,20,0.6
82,118,0.2
67,104,0.05
32,96,0.2
3,97,0.2
56,81,0.2
118,121,0.05
27,29,0.05
26,33,0.2
74,100,0.2
27,120,0.4
27,118,0.2
59,120,0.05
77,121,0.2
26,78,0.2
110,122,0.2
12,84,0.8
96,103,0.05
33,52,0.05
52,65,0.2
5,91,0.4
91,102,0.05
33,117,0.2
14,33,0.2
64,100,0.05
3,61,0.05
70,110,0.4
73,88,0.05
49,94,0.05
56,101,0.05
64,116,0.05
67,94,0.05
100,106,0.05
33,82,0.05
29,57,0.2
32,100,0.4
65,81,0.05
46,116,0.05
57,100,0.4
79,123,0.8
102,109,0.2
21,83,0.05
49,121,0.2
17,53,0.05
80,85,0.2
7,46,0.2
19,121,0.4
7,78,0.95
6,31,0.05
107,121,0.6
35,88,0.05
52,117,0.05
17,120,0.05
83,116,0.05
90,111,0.05
55,66,0.2
34,93,0.2
34,36,0.8
70,77,0.4
8,76,0.05
97,107,0.6
44,73,0.05
53,70,0.4
15,41,0.05
76,82,0.8
62,96,0.05
53,90,0.2
27,99,0.05
63,124,0.8
15,24,0.05
2,91,0.4
90,117,0.4
57,125,0.2
3,116,0.05
27,74,0.05
44,90,0.8
14,90,0.2
26,97,0.05
36,73,0.95
62,70,0.05
26,94,0.05
27,61,0.05
34,103,0.05
51,94,0.2
41,70,0.05
45,96,0.2
83,103,0.05
15,112,0.05
106,111,0.6
59,125,0.05
63,96,0.2
25,42,0.05
53,100,0.4
24,65,0.05
67,78,0.4
112,118,0.05
67,111,0.05
40,52,0.4
20,125,0.8
32,45,0.2
44,100,0.05
26,104,0.05
56,124,0.05
4,36,0.2
2,78,0.05
3,13,0.05
26,107,0.05
57,64,0.6
40,112,0.95
27,81,0.2
32,66,0.6
52,85,0.05
79,98,0.05
94,124,0.8
19,59,0.05
4,90,0.05
8,46,0.2
19,49,0.2
46,120,0.2
26,124,0.05
88,94,0.2
61,100,0.05
70,81,0.05
14,83,0.4
76,123,0.2
12,99,0.05
35,45,0.2
65,118,0.4
3,74,0.05
20,64,0.95
73,107,0.4
15,100,0.8
13,26,0.05
4,82,0.2
29,42,0.05
35,97,0.05
124,125,0.05
25,125,0.05
36,81,0.2
27,122,0.2
14,41,0.2
31,111,0.05
59,91,0.05
78,125,0.4
68,78,0.2
82,87,0.8
51,81,0.05
15,88,0.05
19,97,0.05
74,97,0.05
15,68,0.05
32,74,0.2
85,88,0.05
15,96,0.2
5,80,0.05
69,96,0.2
25,109,0.95
62,65,0.05
51,102,0.2
36,66,0.05
2,109,0.05
76,97,0.05
7,21,0.6
14,112,0.05
88,124,0.2
26,42,0.05
15,57,0.05
90,123,0.05
37,69,0.4
26,44,0.05
32,97,0.2
3,96,0.2
118,120,0.4
26,32,0.05
74,107,0.05
40,80,0.4
77,122,0.2
61,116,0.2
96,102,0.4
27,49,0.05
103,112,0.05
5,90,0.05
104,125,0.2
6,56,0.05
66,99,0.05
91,103,0.05
33,116,0.4
13,20,0.05
70,111,0.05
87,90,0.2
100,107,0.2
32,103,0.05
65,80,0.05
32,78,0.05
46,111,0.05
57,101,0.2
79,120,0.2
97,117,0.05
69,74,0.2
98,104,0.8
21,82,0.2
88,118,0.2
49,120,0.05
17,52,0.05
41,93,0.2
6,46,0.05
59,67,0.05
80,104,0.2
19,122,0.6
66,107,0.05
20,26,0.05
60,74,0.05
29,87,0.05
52,118,0.2
51,120,0.05
52,109,0.05
17,121,0.2
83,117,0.4
49,116,0.05
34,109,0.2
34,37,0.2
70,74,0.05
8,77,0.05
4,59,0.05
57,110,0.4
53,73,0.2
14,67,0.2
45,109,0.05
15,46,0.05
76,85,0.05
6,85,0.05
53,97,0.4
46,123,0.4
15,25,0.05
57,122,0.4
2,29,0.4
14,91,0.2
36,74,0.05
26,93,0.05
34,102,0.05
85,121,0.4
51,97,0.6
26,123,0.4
63,78,0.6
45,97,0.2
83,102,0.8
106,110,0.2
5,17,0.4
63,97,0.4
36,42,0.2
53,101,0.2
24,66,0.2
67,79,0.2
64,68,0.95
67,112,0.05
40,51,0.2
70,96,0.2
32,44,0.05
59,112,0.8
44,101,0.4
8,55,0.4
4,34,0.05
65,76,0.95
20,49,0.05
6,100,0.05
52,55,0.05
2,79,0.2
3,12,0.05
4,7,0.05
57,65,0.4
41,109,0.05
27,80,0.2
32,65,0.05
52,84,0.05
36,96,0.6
34,112,0.05
69,80,0.05
19,46,0.05
29,70,0.2
84,118,0.05
88,93,0.05
61,103,0.05
70,80,0.6
76,122,0.05
7,13,0.05
81,90,0.05
35,46,0.05
3,77,0.2
46,88,0.05
20,65,0.2
78,110,0.4
42,112,0.05
60,82,0.2
34,73,0.05
73,104,0.4
15,101,0.05
6,8,0.05
35,96,0.2
81,85,0.05
36,80,0.95
15,77,0.05
14,40,0.05
31,110,0.05
59,90,0.05
78,124,0.2
2,31,0.05
82,84,0.05
2,98,0.05
19,96,0.05
15,65,0.95
51,70,0.6
36,51,0.8
49,65,0.05
83,98,0.4
15,69,0.4
85,87,0.2
24,74,0.05
15,91,0.05
5,81,0.05
69,97,0.2
25,93,0.8
59,88,0.05
36,65,0.05
61,123,0.95
76,94,0.2
8,93,0.4
88,125,0.05
67,102,0.2
15,56,0.2
62,84,0.2
26,45,0.8
32,94,0.2
74,106,0.2
40,81,0.8
77,123,0.2
37,106,0.05
61,117,0.2
40,79,0.05
96,101,0.2
14,125,0.2
5,93,0.2
45,59,0.05
6,57,0.05
66,98,0.6
91,100,0.2
33,111,0.2
13,21,0.2
70,112,0.05
3,49,0.05
8,29,0.05
49,96,0.05
123,125,0.2
78,94,0.2
67,96,0.2
29,55,0.05
32,102,0.05
65,83,0.05
46,110,0.8
57,102,0.05
79,121,0.2
97,116,0.2
98,107,0.05
83,120,0.05
49,123,0.05
32,59,0.05
17,51,0.05
2,3,0.05
6,45,0.2
80,87,0.2
59,60,0.05
19,123,0.4
25,123,0.6
20,27,0.05
60,73,0.2
111,117,0.05
36,112,0.05
85,109,0.05
40,62,0.05
51,121,0.95
8,88,0.05
49,117,0.05
35,116,0.05
8,70,0.2
53,117,0.8
57,117,0.6
7,45,0.05
12,32,0.05
14,66,0.05
76,84,0.05
62,94,0.6
20,24,0.4
6,84,0.6
53,96,0.05
2,83,0.05
15,26,0.2
29,99,0.05
104,117,0.05
6,21,0.2
57,123,0.05
45,64,0.2
52,98,0.05
87,98,0.05
8,109,0.2
6,121,0.05
81,118,0.05
34,101,0.6
85,120,0.4
83,88,0.2
63,79,0.05
41,76,0.05
45,98,0.05
44,67,0.05
53,102,0.05
24,59,0.05
24,67,0.05
79,100,0.2
64,69,0.4
85,116,0.2
70,97,0.8
44,102,0.05
88,102,0.4
4,35,0.05
26,106,0.05
65,77,0.05
4,19,0.05
52,56,0.2
57,62,0.05
40,110,0.2
27,87,0.2
77,102,0.6
32,64,0.4
52,83,0.6
17,44,0.8
63,103,0.05
36,97,0.6
8,112,0.05
25,112,0.6
61,102,0.05
73,117,0.05
76,121,0.4
7,12,0.2
17,109,0.05
81,91,0.05
91,118,0.05
3,76,0.2
20,66,0.6
78,111,0.6
34,70,0.05
64,73,0.05
26,53,0.2
29,44,0.05
29,68,0.2
81,84,0.6
36,83,0.2
34,125,0.8
27,124,0.05
31,117,0.4
59,93,0.6
2,36,0.05
82,85,0.4
51,77,0.05
36,56,0.05
49,64,0.05
83,99,0.2
62,109,0.05
32,76,0.05
25,68,0.05
24,73,0.95
15,90,0.05
69,94,0.2
25,90,0.05
62,63,0.05
36,64,0.2
61,122,0.2
14,21,0.05
8,90,0.4
14,110,0.4
88,122,0.05
3,94,0.2
17,31,0.05
40,82,0.05
77,124,0.05
37,107,0.2
40,78,0.05
31,99,0.05
96,100,0.4
26,34,0.05
14,124,0.4
103,110,0.2
7,112,0.05
91,101,0.2
33,110,0.2
2,45,0.2
73,87,0.05
49,97,0.05
123,124,0.2
67,97,0.05
100,101,0.2
65,82,0.6
66,80,0.05
57,103,0.05
62,80,0.2
69,76,0.05
98,106,0.05
49,122,0.05
12,55,0.2
32,56,0.05
6,44,0.05
59,61,0.05
80,106,0.4
19,124,0.6
26,112,0.05
44,69,0.2
111,116,0.4
40,63,0.05
44,63,0.2
37,66,0.2
51,122,0.2
52,107,0.4
65,116,0.05
90,91,0.6
27,77,0.05
34,35,0.2
53,116,0.2
44,74,0.05
12,33,0.05
14,65,0.2
15,44,0.05
76,87,0.8
6,83,0.05
93,123,0.6
2,82,0.2
15,27,0.2
79,85,0.05
6,20,0.05
57,120,0.05
27,73,0.05
85,98,0.8
52,99,0.05
87,99,0.2
68,117,0.2
36,76,0.05
26,91,0.2
34,100,0.4
85,123,0.05
24,109,0.4
51,91,0.2
41,77,0.2
45,99,0.2
83,104,0.6
15,117,0.2
106,112,0.95
45,61,0.2
53,103,0.05
79,101,0.2
69,100,0.05
45,83,0.05
85,117,0.8
34,69,0.2
20,120,0.05
70,90,0.05
87,109,0.05
32,46,0.05
44,103,0.05
8,53,0.05
37,116,0.05
65,78,0.05
3,109,0.05
57,99,0.05
52,57,0.05
68,102,0.05
26,88,0.05
57,63,0.05
41,107,0.4
77,103,0.05
79,80,0.05
52,82,0.05
103,111,0.05
17,45,0.05
21,52,0.05
36,94,0.6
19,44,0.95
59,73,0.05
88,91,0.2
73,116,0.2
76,120,0.8
25,56,0.05
62,99,0.4
35,40,0.8
2,118,0.05
20,67,0.05
78,112,0.05
59,124,0.4
73,102,0.05
26,52,0.2
35,94,0.05
87,125,0.05
4,91,0.05
36,82,0.05
34,124,0.05
14,42,0.05
31,116,0.05
2,37,0.05
61,93,0.2
15,87,0.8
64,112,0.05
51,76,0.05
36,57,0.05
49,67,0.05
32,77,0.05
19,33,0.4
31,106,0.05
67,88,0.2
35,125,0.05
4,103,0.05
73,94,0.95
15,93,0.05
25,91,0.05
33,109,0.05
36,63,0.95
104,109,0.05
61,121,0.05
14,20,0.2
8,91,0.05
68,93,0.05
14,111,0.05
88,123,0.05
67,100,0.4
3,93,0.05
40,93,0.8
74,104,0.05
40,83,0.05
77,125,0.05
37,104,0.4
33,60,0.2
31,98,0.05
14,123,0.2
27,46,0.2
31,40,0.05
93,98,0.2
6,59,0.4
7,111,0.2
91,106,0.2
93,112,0.6
13,27,0.05
70,109,0.05
73,84,0.05
49,90,0.05
78,96,0.4
67,90,0.05
100,102,0.4
32,104,0.2
19,79,0.2
66,81,0.05
62,81,0.05
5,35,0.05
46,79,0.05
69,77,0.4
98,109,0.05
12,56,0.05
32,57,0.2
67,81,0.05
17,100,0.05
80,81,0.2
46,112,0.05
59,62,0.2
80,107,0.8
19,125,0.95
26,111,0.2
20,29,0.4
36,109,0.05
36,110,0.4
31,84,0.2
40,60,0.05
79,111,0.05
51,123,0.4
52,106,0.05
17,124,0.2
13,53,0.2
83,112,0.2
34,42,0.6
6,122,0.05
19,102,0.05
44,77,0.05
84,104,0.05
14,64,0.2
15,45,0.4
99,118,0.05
17,93,0.05
6,82,0.05
53,94,0.2
6,104,0.2
2,81,0.05
57,121,0.05
27,70,0.05
85,99,0.05
41,118,0.2
68,116,0.2
36,123,0.05
36,77,0.2
52,66,0.2
62,74,0.05
26,90,0.05
3,6,0.05
85,122,0.05
51,90,0.2
41,74,0.6
21,104,0.05
83,107,0.4
51,111,0.05
15,116,0.05
13,111,0.2
7,59,0.05
33,83,0.4
4,87,0.05
53,104,0.05
27,109,0.2
79,102,0.2
85,118,0.05
34,68,0.05
20,121,0.2
34,123,0.05
70,91,0.05
32,41,0.6
59,117,0.05
7,42,0.95
26,100,0.05
25,121,0.05
65,79,0.2
3,124,0.05
7,74,0.05
12,103,0.05
44,112,0.05
57,98,0.2
2,49,0.2
68,103,0.05
98,118,0.6
37,73,0.2
57,60,0.4
41,106,0.2
27,85,0.05
77,100,0.6
79,81,0.2
52,81,0.2
17,46,0.05
45,123,0.05
21,53,0.05
19,55,0.05
8,110,0.2
3,14,0.4
19,45,0.05
46,124,0.4
85,107,0.05
29,73,0.2
25,110,0.05
88,90,0.05
61,104,0.2
44,110,0.2
44,60,0.2
25,57,0.05
81,93,0.4
19,26,0.05
35,41,0.2
90,98,0.2
13,124,0.6
20,60,0.05
87,111,0.05
34,76,0.05
73,103,0.05
26,51,0.05
29,46,0.05
7,123,0.05
87,124,0.05
25,31,0.05
14,45,0.4
78,121,0.2
2,34,0.05
61,90,0.05
15,84,0.05
87,94,0.05
49,88,0.2
31,53,0.05
49,66,0.05
53,88,0.05
57,88,0.2
19,32,0.05
63,106,0.6
31,107,0.05
73,97,0.8
25,96,0.05
59,87,0.05
13,34,0.05
36,62,0.4
61,120,0.05
14,27,0.05
25,62,0.05
8,96,0.2
14,116,0.05
8,117,0.05
60,68,0.4
17,33,0.2
40,84,0.6
45,82,0.2
12,76,0.2
31,97,0.05
14,122,0.2
27,45,0.2
31,41,0.2
93,97,0.2
7,110,0.4
91,107,0.4
33,112,0.05
13,24,0.2
73,85,0.05
49,91,0.2
26,109,0.05
78,97,0.2
67,91,0.05
100,103,0.2
32,107,0.4
66,82,0.05
79,124,0.05
46,78,0.05
12,57,0.05
93,109,0.95
80,82,0.05
80,100,0.4
25,120,0.05
7,77,0.05
60,70,0.05
111,118,0.05
45,122,0.05
85,106,0.05
40,61,0.2
79,110,0.4
17,125,0.6
13,52,0.8
59,109,0.8
13,37,0.05
8,73,0.05
19,103,0.05
44,76,0.4
12,31,0.05
14,63,0.05
62,91,0.8
21,91,0.2
6,81,0.6
76,77,0.2
6,103,0.2
17,19,0.8
2,80,0.2
15,29,0.2
55,74,0.2
15,123,0.2
76,101,0.05
68,111,0.05
62,77,0.2
8,49,0.6
21,107,0.05
83,106,0.2
51,110,0.05
59,122,0.05
25,49,0.95
45,63,0.2
79,103,0.2
55,120,0.05
67,116,0.05
20,122,0.8
73,125,0.2
27,63,0.05
15,122,0.05
34,59,0.05
12,44,0.05
19,88,0.05
32,40,0.05
59,116,0.2
49,51,0.05
8,51,0.05
26,101,0.2
62,112,0.05
3,125,0.4
12,102,0.05
57,97,0.2
116,122,0.2
57,61,0.2
27,84,0.05
77,101,0.05
79,82,0.05
52,80,0.4
79,93,0.2
8,111,0.05
19,42,0.6
46,125,0.4
29,74,0.05
25,111,0.8
61,107,0.05
13,79,0.2
73,118,0.05
7,17,0.8
81,94,0.2
5,6,0.05
37,101,0.4
35,42,0.05
4,83,0.05
13,125,0.05
20,61,0.6
34,77,0.05
73,100,0.6
64,70,0.4
4,70,0.05
29,49,0.05
33,91,0.4
87,123,0.05
117,122,0.6
25,32,0.05
56,69,0.05
4,8,0.05
14,44,0.05
78,120,0.05
2,35,0.05
61,91,0.05
15,85,0.05
51,74,0.05
31,52,0.2
36,55,0.05
49,61,0.05
104,122,0.05
63,101,0.4
31,100,0.05
24,70,0.8
76,118,0.2
73,96,0.2
25,97,0.05
59,84,0.8
36,61,0.2
14,26,0.4
76,98,0.05
8,97,0.05
14,117,0.6
88,121,0.05
99,102,0.4
26,49,0.05
68,88,0.05
3,91,0.05
40,91,0.05
60,69,0.05
27,123,0.05
17,32,0.05
40,85,0.05
59,121,0.05
111,124,0.05
37,102,0.2
45,81,0.05
110,121,0.2
12,77,0.05
31,96,0.4
14,121,0.05
27,44,0.05
31,42,0.2
93,96,0.2
19,25,0.05
91,104,0.05
93,110,0.05
37,51,0.2
13,25,0.2
56,103,0.05
70,116,0.2
73,82,0.2
5,64,0.2
56,100,0.2
78,90,0.2
45,60,0.2
29,59,0.05
32,106,0.05
66,83,0.2
79,125,0.2
97,112,0.05
102,103,0.05
5,59,0.05
32,55,0.2
102,116,0.2
6,49,0.95
80,83,0.6
80,101,0.8
7,76,0.05
35,100,0.05
68,96,0.4
45,125,0.05
40,66,0.05
52,104,0.4
78,93,0.2
83,110,0.2
34,40,0.05
59,106,0.8
55,67,0.2
19,100,0.05
44,79,0.05
12,36,0.05
14,62,0.05
76,88,0.4
62,90,0.95
17,91,0.8
6,80,0.05
2,87,0.05
34,110,0.2
6,25,0.95
46,60,0.2
52,94,0.4
76,100,0.6
68,110,0.2
14,59,0.05
62,76,0.05
27,60,0.05
40,109,0.8
13,68,0.2
21,106,0.4
15,118,0.05
106,117,0.2
5,12,0.05
45,62,0.2
53,106,0.05
24,41,0.2
33,79,0.6
79,104,0.2
55,121,0.05
21,70,0.2
67,117,0.2
20,123,0.2
70,93,0.2
49,52,0.05
4,31,0.2
26,102,0.05
62,111,0.05
20,42,0.6
3,122,0.4
45,107,0.2
4,37,0.05
57,96,0.2
21,96,0.2
68,101,0.2
41,104,0.05
77,106,0.05
32,68,0.2
17,40,0.05
21,51,0.05
94,123,0.2
36,93,0.05
19,57,0.2
13,97,0.4
42,68,0.95
59,70,0.2
61,106,0.2
13,78,0.05
76,125,0.05
25,55,0.4
20,111,0.05
46,91,0.6
68,91,0.6
55,60,0.05
13,122,0.2
20,62,0.6
34,74,0.05
73,101,0.6
64,77,0.05
94,98,0.05
6,19,0.05
26,57,0.4
44,52,0.2
33,90,0.4
87,122,0.2
81,88,0.05
25,33,0.05
24,120,0.05
21,98,0.2
56,68,0.2
78,123,0.95
61,96,0.05
15,82,0.95
31,51,0.05
31,68,0.2
33,46,0.05
49,60,0.2
65,98,0.05
5,20,0.2
63,100,0.05
31,101,0.2
73,91,0.2
25,94,0.2
59,85,0.05
51,103,0.05
36,60,0.05
2,103,0.05
14,25,0.05
76,99,0.05
8,94,0.05
8,40,0.2
99,103,0.05
64,124,0.2
3,90,0.2
40,90,0.05
17,35,0.2
111,125,0.05
37,103,0.2
61,110,0.05
45,80,0.2
29,104,0.2
14,120,0.05
7,124,0.2
93,117,0.05
56,102,0.05
70,117,0.4
73,83,0.4
87,91,0.05
49,93,0.8
5,65,0.05
78,91,0.6
67,93,0.05
88,104,0.2
32,79,0.05
66,84,0.05
63,116,0.4
42,117,0.2
97,111,0.05
88,112,0.05
12,51,0.2
32,52,0.05
56,78,0.2
80,102,0.2
35,101,0.2
36,117,0.2
31,87,0.2
84,122,0.05
40,67,0.05
52,103,0.05
5,73,0.05
83,111,0.05
59,107,0.05
90,118,0.05
19,101,0.4
53,112,0.05
37,112,0.05
44,78,0.6
12,37,0.05
53,79,0.05
14,61,0.05
70,125,0.2
17,90,0.4
6,101,0.05
27,90,0.05
34,111,0.05
6,24,0.05
46,61,0.2
85,94,0.05
103,107,0.2
76,103,0.95
29,98,0.2
81,125,0.05
59,63,0.4
41,112,0.2
26,120,0.6
6,55,0.2
13,69,0.4
21,101,0.2
51,112,0.6
106,116,0.4
45,65,0.05
53,107,0.05
33,78,0.6
67,73,0.05
55,122,0.2
32,42,0.2
59,118,0.05
49,53,0.2
29,81,0.05
29,69,0.05
66,118,0.8
29,32,0.05
62,110,0.6
7,68,0.6
4,67,0.05
112,125,0.2
3,123,0.05
12,100,0.2
2,46,0.05
68,106,0.2
37,70,0.2
42,88,0.2
77,107,0.05
79,84,0.4
17,41,0.6
79,91,0.05
21,56,0.2
36,90,0.05
19,56,0.2
19,40,0.2
13,96,0.2
59,77,0.05
29,76,0.2
61,109,0.2
41,65,0.4
76,124,0.05
7,15,0.2
20,110,0.4
81,96,0.05
46,90,0.4
12,90,0.2
68,90,0.8
55,61,0.8
46,82,0.2
13,123,0.2
74,116,0.05
20,63,0.05
78,116,0.4
97,123,0.05
64,76,0.05
94,99,0.2
26,56,0.95
44,51,0.2
33,93,0.05
87,121,0.2
25,34,0.05
24,121,0.6
34,120,0.05
15,79,0.05
14,46,0.4
79,117,0.05
78,122,0.8
61,97,0.05
51,88,0.2
15,83,0.05
15,66,0.2
37,42,0.05
100,112,0.05
8,63,0.2
31,69,0.05
49,63,0.05
104,120,0.4
65,99,0.05
5,21,0.05
32,116,0.05
32,73,0.05
63,107,0.4
31,102,0.05
25,63,0.2
66,100,0.2
76,116,0.05
73,90,0.05
59,82,0.05
2,102,0.05
61,125,0.2
14,24,0.2
21,67,0.05
62,85,0.05
99,100,0.4
40,97,0.05
17,34,0.6
40,87,0.05
65,109,0.05
37,100,0.05
61,111,0.05
45,87,0.4
26,70,0.2
5,49,0.05
29,107,0.2
31,94,0.05
27,42,0.2
31,44,0.4
93,94,0.05
101,103,0.05
93,116,0.4
37,53,0.2
73,80,0.95
5,66,0.4
44,45,0.2
8,45,0.05
26,27,0.05
66,85,0.8
82,90,0.05
63,117,0.05
97,110,0.4
69,73,0.05
12,121,0.2
52,68,0.05
88,111,0.05
12,52,0.2
32,53,0.4
93,104,0.05
80,103,0.05
6,96,0.05
7,70,0.6
35,102,0.05
35,80,0.05
85,103,0.05
84,123,0.2
40,64,0.2
99,120,0.05
52,102,0.05
13,57,0.05
82,102,0.05
34,46,0.05
59,104,0.05
15,17,0.2
19,106,0.2
53,111,0.05
59,66,0.05
12,34,0.2
53,78,0.05
14,60,0.4
70,124,0.8
4,125,0.2
20,25,0.2
17,97,0.2
27,91,0.2
2,85,0.2
35,120,0.05
104,111,0.05
6,27,0.05
46,62,0.05
97,122,0.2
33,84,0.05
21,49,0.05
52,96,0.05
76,102,0.05
68,112,0.05
122,124,0.05
64,99,0.2
81,116,0.05
42,79,0.05
31,88,0.2
59,123,0.05
41,78,0.4
13,66,0.2
21,100,0.2
44,64,0.95
33,87,0.05
67,70,0.2
79,106,0.4
55,123,0.6
27,64,0.2
80,124,0.8
85,102,0.6
4,33,0.2
66,117,0.6
62,117,0.05
7,31,0.05
7,69,0.05
4,66,0.4
14,88,0.2
20,40,0.05
112,124,0.05
3,120,0.2
12,107,0.05
57,94,0.2
21,94,0.05
32,63,0.05
68,107,0.4
2,97,0.05
37,77,0.05
41,102,0.4
77,104,0.4
15,73,0.4
62,123,0.05
17,42,0.8
79,90,0.2
19,77,0.05
63,102,0.05
21,57,0.05
36,91,0.05
19,51,0.05
64,123,0.4
19,41,0.4
59,76,0.05
29,77,0.05
41,64,0.4
25,53,0.2
7,14,0.2
14,109,0.05
81,97,0.2
46,93,0.05
12,91,0.05
107,125,0.2
55,62,0.2
46,83,0.2
13,120,0.2
74,117,0.4
6,78,0.05
78,117,0.05
57,111,0.05
4,73,0.05
26,55,0.05
87,120,0.4
25,35,0.95
24,122,0.05
35,111,0.95
15,78,0.05
63,65,0.05
61,94,0.2
15,80,0.05
27,51,0.05
51,106,0.2
100,111,0.2
31,57,0.2
8,62,0.05
49,62,0.05
83,93,0.2
104,121,0.4
65,96,0.05
32,117,0.2
57,84,0.05
19,36,0.05
31,103,0.05
76,117,0.2
73,93,0.05
59,83,0.05
33,102,0.2
41,125,0.05
2,101,0.05
61,124,0.05
21,66,0.05
35,74,0.05
99,101,0.4
40,96,0.2
25,122,0.05
17,37,0.05
21,27,0.05
33,65,0.2
26,73,0.05
29,106,0.05
31,93,0.05
27,41,0.05
31,45,0.4
101,102,0.4
37,52,0.2
5,44,0.2
29,100,0.2
4,49,0.05
73,81,0.05
5,67,0.05
88,106,0.05
44,46,0.2
88,120,0.2
63,110,0.6
102,106,0.05
12,120,0.05
88,110,0.4
29,96,0.6
2,5,0.4
12,53,0.05
25,124,0.05
7,73,0.2
35,103,0.05
35,81,0.8
31,81,0.05
84,120,0.05
40,65,0.05
90,125,0.8
42,106,0.2
99,121,0.2
52,101,0.6
65,117,0.4
101,125,0.05
13,56,0.4
82,103,0.95
34,45,0.2
8,81,0.2
8,14,0.05
41,101,0.4
19,107,0.2
53,110,0.6
57,118,0.4
12,35,0.8
99,117,0.05
4,124,0.05
82,104,0.2
17,96,0.6
93,120,0.05
2,84,0.05
35,121,0.2
94,118,0.05
104,110,0.6
6,26,0.2
46,63,0.05
60,83,0.2
85,96,0.2
2,99,0.05
52,97,0.6
4,6,0.05
122,125,0.8
64,98,0.2
81,117,0.2
42,78,0.4
12,61,0.05
3,29,0.2
41,79,0.05
68,100,0.2
13,67,0.2
21,103,0.05
45,67,0.2
61,112,0.05
79,107,0.2
55,124,0.2
33,61,0.4
21,73,0.05
60,102,0.05
27,67,0.2
49,107,0.05
49,55,0.6
80,125,0.2
29,67,0.2
66,116,0.05
62,116,0.05
6,116,0.05
4,65,0.05
20,41,0.2
3,121,0.05
12,106,0.4
57,93,0.05
2,44,0.4
68,104,0.2
69,88,0.6
34,49,0.05
42,51,0.2
37,76,0.4
62,120,0.4
79,97,0.05
19,76,0.05
51,68,0.4
13,94,0.6
82,99,0.05
70,88,0.2
110,125,0.05
20,112,0.2
81,98,0.05
62,98,0.05
93,111,0.95
55,63,0.4
46,80,0.05
13,121,0.4
74,110,0.05
6,79,0.2
78,118,0.05
5,14,0.2
64,74,0.05
41,67,0.2
6,14,0.05
44,57,0.2
24,123,0.05
13,104,0.05
36,88,0.2
34,122,0.2
31,118,0.05
63,64,0.05
15,81,0.05
90,99,0.4
31,56,0.6
8,61,0.8
36,59,0.05
7,120,0.05
65,97,0.05
57,85,0.2
19,35,0.05
25,61,0.2
4,102,0.05
46,59,0.05
98,123,0.05
59,80,0.05
81,121,0.2
33,103,0.05
41,124,0.2
2,100,0.05
17,79,0.05
21,65,0.05
107,124,0.6
35,77,0.05
99,106,0.2
90,109,0.05
49,78,0.05
17,36,0.05
60,84,0.05
21,26,0.05
111,120,0.05
33,66,0.05
12,73,0.2
29,101,0.05
96,125,0.05
27,40,0.05
31,46,0.4
7,93,0.2
37,55,0.05
52,67,0.2
56,107,0.05
5,60,0.2
20,88,0.05
88,107,0.2
101,118,0.2
46,118,0.4
66,87,0.2
63,111,0.05
5,34,0.4
102,107,0.2
27,55,0.2
12,123,0.05
88,117,0.4
29,97,0.2
32,51,0.05
17,59,0.05
93,106,0.8
41,49,0.05
35,104,0.05
35,82,0.05
85,101,0.2
84,121,0.2
62,82,0.05
42,107,0.05
4,74,0.05
99,122,0.6
52,100,0.05
25,78,0.2
5,70,0.05
13,55,0.2
82,100,0.2
34,44,0.6
8,80,0.05
106,124,0.05
59,102,0.05
56,79,0.05
8,78,0.4
19,104,0.4
99,116,0.05
4,123,0.05
27,93,0.05
102,117,0.4
25,101,0.05
96,98,0.4
97,120,0.2
85,97,0.2
52,90,0.4
91,99,0.2
76,104,0.05
8,101,0.2
36,122,0.05
12,60,0.05
13,64,0.2
21,102,0.05
51,117,0.05
25,36,0.05
6,93,0.2
33,85,0.05
27,103,0.2
67,76,0.05
55,125,0.2
21,74,0.05
17,68,0.8
62,93,0.05
60,103,0.05
35,110,0.05
27,66,0.05
49,106,0.4
49,56,0.05
80,122,0.05
29,66,0.05
107,118,0.05
20,79,0.2
7,33,0.4
26,110,0.4
4,64,0.4
20,46,0.2
41,100,0.2
79,87,0.05
79,96,0.4
51,84,0.2
36,111,0.05
21,55,0.95
19,53,0.2
13,93,0.05
31,85,0.2
59,74,0.05
82,98,0.4
51,107,0.4
5,69,0.4
65,69,0.2
41,66,0.8
52,60,0.05
44,61,0.05
25,51,0.05
81,99,0.05
12,93,0.6
107,123,0.4
24,91,0.05
100,110,0.05
55,64,0.05
34,88,0.05
46,81,0.2
74,111,0.05
63,88,0.2
87,116,0.05
34,78,0.6
55,109,0.4
6,15,0.05
44,56,0.05
83,90,0.6
33,94,0.2
25,37,0.05
24,124,0.6
34,41,0.05
63,67,0.05
98,116,0.05
53,62,0.2
4,111,0.05
20,51,0.2
51,104,0.2
100,117,0.4
31,55,0.05
8,60,0.05
83,91,0.05
65,94,0.05
5,24,0.2
63,104,0.2
25,60,0.2
24,55,0.05
98,122,0.05
3,53,0.4
25,98,0.05
59,81,0.6
6,111,0.8
33,100,0.05
2,107,0.05
17,78,0.2
14,29,0.05
21,64,0.2
14,118,0.2
67,109,0.05
35,76,0.05
99,107,0.2
32,125,0.2
40,94,0.2
121,123,0.05
49,79,0.05
19,117,0.4
21,25,0.6
111,121,0.05
45,84,0.05
12,70,0.05
31,91,0.2
96,124,0.6
103,118,0.2
33,118,0.2
19,27,0.2
56,106,0.05
66,68,0.05
81,103,0.05
46,109,0.05
62,88,0.05
63,112,0.05
102,104,0.2
27,56,0.2
12,122,0.05
88,116,0.05
29,94,0.2
93,107,0.05
69,116,0.2
7,49,0.2
36,41,0.05
35,83,0.05
24,82,0.05
31,83,0.4
42,104,0.05
99,123,0.4
25,79,0.05
5,77,0.05
82,101,0.05
8,83,0.05
106,125,0.05
59,103,0.05
56,76,0.05
8,79,0.8
99,111,0.05
4,122,0.05
17,94,0.2
27,94,0.2
74,88,0.2
78,88,0.2
25,100,0.05
96,99,0.2
60,81,0.05
2,12,0.2
85,90,0.05
52,91,0.2
37,40,0.2
91,98,0.2
76,107,0.05
8,100,0.2
14,52,0.4
122,123,0.2
24,46,0.2
81,111,0.8
12,63,0.05
51,99,0.05
41,116,0.05
35,59,0.8
13,65,0.05
51,116,0.2
51,109,0.05
5,19,0.2
32,88,0.2
27,102,0.05
67,77,0.8
17,69,0.8
60,100,0.4
8,19,0.05
64,66,0.4
27,69,0.05
70,98,0.6
49,57,0.05
80,123,0.2
29,65,0.05
67,118,0.05
14,17,0.4
7,32,0.05
21,34,0.6
4,63,0.05
14,85,0.6
112,121,0.05
12,104,0.2
57,91,0.2
21,93,0.05
52,76,0.05
42,53,0.05
37,74,0.05
52,73,0.4
19,74,0.05
19,52,0.05
88,99,0.05
56,82,0.05
65,68,0.05
110,123,0.2
46,94,0.05
12,94,0.05
68,94,0.2
24,90,0.05
55,65,0.05
34,87,0.05
69,106,0.05
45,85,0.4
74,112,0.05
60,120,0.4
34,79,0.2
4,76,0.2
44,55,0.05
33,97,0.2
24,125,0.2
63,66,0.2
29,85,0.05
98,117,0.6
26,125,0.05
53,63,0.2
21,87,0.05
51,93,0.2
100,116,0.05
8,67,0.2
41,110,0.8
83,96,0.2
5,25,0.05
44,88,0.2
57,87,0.4
45,118,0.05
6,69,0.05
25,67,0.05
76,112,0.05
55,98,0.05
98,121,0.2
83,123,0.2
3,52,0.2
25,99,0.05
33,101,0.4
2,106,0.2
21,63,0.2
99,104,0.05
68,82,0.2
121,122,0.2
15,70,0.05
19,116,0.4
21,24,0.2
5,13,0.05
111,122,0.2
33,68,0.6
26,74,0.05
110,120,0.6
35,62,0.05
31,90,0.05
77,91,0.05
101,107,0.95
83,121,0.2
5,111,0.2
37,57,0.6
52,61,0.05
94,104,0.05
53,122,0.05
56,118,0.2
55,88,0.05
49,98,0.05
5,62,0.2
36,101,0.2
66,69,0.95
67,98,0.05
33,80,0.6
69,123,0.05
81,102,0.05
27,57,0.05
12,125,0.2
84,98,0.05
93,100,0.4
69,117,0.95
35,106,0.8
35,84,0.95
24,83,0.2
40,68,0.05
44,68,0.6
99,124,0.4
42,118,0.2
55,59,0.2
5,76,0.05
20,109,0.05
82,106,0.05
8,82,0.05
59,100,0.05
70,120,0.05
99,110,0.4
4,121,0.05
35,124,0.05
2,93,0.05
78,87,0.05
25,103,0.05
46,66,0.4
27,78,0.2
2,13,0.05
85,91,0.05
37,41,0.2
100,124,0.2
76,106,0.05
8,103,0.2
62,124,0.05
14,53,0.2
26,98,0.4
6,123,0.05
12,62,0.05
51,98,0.05
41,117,0.4
45,117,0.6
13,62,0.05
17,106,0.05
37,94,0.2
42,46,0.2
57,73,0.05
27,101,0.05
67,74,0.05
21,76,0.05
60,101,0.05
41,59,0.2
3,84,0.05
27,68,0.05
70,99,0.4
49,104,0.05
80,120,0.05
29,64,0.2
7,35,0.05
21,35,0.2
4,62,0.2
14,84,0.05
20,44,0.8
112,120,0.05
57,90,0.05
2,41,0.05
4,109,0.05
42,52,0.2
3,8,0.05
57,68,0.4
52,70,0.4
79,94,0.4
94,122,0.8
60,91,0.05
8,118,0.05
13,91,0.05
42,66,0.2
88,98,0.05
56,80,0.4
41,60,0.05
20,117,0.2
6,98,0.2
46,97,0.2
68,97,0.05
24,93,0.05
77,79,0.05
46,87,0.2
20,68,0.6
60,121,0.2
74,78,0.05
64,79,0.05
4,77,0.05
6,17,0.2
26,59,0.2
59,68,0.05
33,96,0.05
13,107,0.4
21,99,0.6
63,69,0.05
61,98,0.05
53,60,0.05
20,53,0.2
8,12,0.05
8,66,0.05
83,97,0.4
5,26,0.2
2,61,0.05
53,80,0.2
57,80,0.05
53,66,0.6
6,68,0.05
25,66,0.05
24,57,0.05
98,120,0.2
103,104,0.05
3,51,0.4
31,82,0.4
81,122,0.05
20,55,0.2
33,106,0.2
41,121,0.4
15,74,0.95
21,62,0.2
35,70,0.05
90,121,0.2
68,83,0.05
107,109,0.05
19,111,0.05
65,104,0.05
111,123,0.05
33,69,0.2
26,77,0.2
5,42,0.05
29,102,0.2
35,63,0.2
7,125,0.6
77,90,0.05
101,106,0.2
7,90,0.6
5,110,0.8
37,56,0.05
57,116,0.2
19,21,0.2
93,124,0.2
94,107,0.2
56,104,0.4
53,123,0.05
32,69,0.8
49,99,0.05
102,112,0.05
26,68,0.05
20,87,0.2
67,99,0.2
81,101,0.05
37,88,0.6
37,118,0.2
14,70,0.2
12,124,0.2
93,101,0.05
7,100,0.05
35,107,0.05
35,85,0.05
24,80,0.95
84,124,0.05
40,69,0.05
79,118,0.4
42,102,0.2
99,125,0.05
12,49,0.6
106,109,0.8
20,106,0.05
82,107,0.05
8,85,0.2
59,101,0.05
56,74,0.2
57,79,0.05
70,123,0.05
102,120,0.8
4,120,0.4
27,96,0.2
13,17,0.4
34,117,0.2
25,102,0.05
46,67,0.05
60,87,0.05
27,79,0.05
2,14,0.05
42,94,0.2
17,80,0.05
52,93,0.2
37,46,0.6
100,125,0.2
76,109,0.05
8,102,0.05
20,98,0.2
64,94,0.2
24,44,0.05
81,124,0.2
12,65,0.05
40,100,0.25
26,121,0.4
8,41,0.2
44,111,0.05
35,57,0.05
13,63,0.6
37,97,0.05
24,29,0.4
27,100,0.05
21,77,0.05
60,106,0.05
3,85,0.05
34,51,0.2
69,109,0.05
49,103,0.05
49,59,0.6
64,101,0.2
80,121,0.95
29,63,0.05
14,15,0.05
66,112,0.2
40,122,0.05
7,34,0.6
21,36,0.05
7,62,0.95
4,61,0.05
14,87,0.05
20,45,0.05
112,123,0.05
29,35,0.05
68,77,0.05
2,40,0.05
42,55,0.05
13,33,0.4
74,98,0.05
57,69,0.8
77,109,0.05
24,33,0.05
24,118,0.05
60,90,0.4
69,82,0.05
51,64,0.4
31,79,0.2
13,90,0.2
42,67,0.05
59,79,0.05
41,63,0.6
20,73,0.05
14,104,0.6
20,116,0.2
46,96,0.6
12,96,0.05
46,64,0.8
107,120,0.2
87,118,0.05
77,78,0.2
34,85,0.4
82,109,0.05
46,84,0.05
20,69,0.2
60,122,0.05
74,79,0.05
60,80,0.2
64,78,0.2
52,125,0.4
4,78,0.05
24,35,0.05
13,100,0.4
56,61,0.05
51,53,0.05
63,68,0.2
29,34,0.2
61,99,0.6
53,61,0.2
20,52,0.2
15,67,0.2
8,13,0.2
8,65,0.05
83,94,0.05
65,93,0.05
5,27,0.05
2,60,0.05
32,110,0.4
53,81,0.05
57,81,0.05
25,65,0.05
76,110,0.05
24,56,0.05
46,55,0.05
33,107,0.05
41,120,0.4
2,104,0.05
21,61,0.8
35,73,0.05
68,80,0.05
3,99,0.05
60,61,0.05
81,110,0.05
19,110,0.6
65,107,0.05
44,53,0.2
97,109,0.05
26,76,0.05
84,100,0.05
35,60,0.05
96,121,0.2
77,93,0.2
7,97,0.2
93,118,0.05
37,59,0.05
52,63,0.2
94,106,0.05
53,120,0.4
26,69,0.05
20,84,0.05
88,103,0.05
37,117,0.05
8,44,0.2
81,100,0.2
77,82,0.2
5,51,0.4
69,79,0.2
29,93,0.2
93,102,0.2
7,101,0.2
63,98,0.05
6,97,0.05
61,69,0.05
24,81,0.05
84,125,0.05
42,103,0.05
25,74,0.05
5,74,0.2
13,59,0.2
20,107,0.05
83,118,0.05
8,84,0.2
106,120,0.2
12,25,0.6
70,122,0.05
52,62,0.05
102,121,0.4
99,112,0.2
17,99,0.05
6,88,0.05
2,76,0.05
27,97,0.05
34,118,0.4
78,85,0.05
46,68,0.4
97,124,0.6
2,15,0.2
85,93,0.05
45,66,0.2
17,81,0.2
100,122,0.2
68,118,0.2
14,51,0.05
64,97,0.6
24,45,0.2
3,17,0.6
42,73,0.05
12,64,0.05
40,101,0.2
45,111,0.05
84,117,0.2
35,56,0.05
13,60,0.6
44,65,0.05
37,96,0.2
42,44,0.95
109,116,0.05
44,117,0.05
27,107,0.05
112,116,0.2
21,78,0.6
60,107,0.05
4,96,0.05
34,52,0.2
49,102,0.05
29,62,0.2
66,111,0.05
40,123,0.05
7,37,0.2
21,37,0.6
7,63,0.6
4,60,0.2
112,122,0.05
29,36,0.05
68,76,0.05
32,62,0.05
19,99,0.4
74,99,0.05
63,87,0.2
24,32,0.05
116,125,0.6
19,31,0.2
60,93,0.05
51,65,0.2
82,120,0.6
42,60,0.05
59,78,0.2
56,87,0.2
13,70,0.6
55,117,0.05
41,62,0.4
14,107,0.2
15,59,0.05
12,97,0.05
55,68,0.2
34,84,0.2
46,85,0.4
61,78,0.4
60,123,0.2
52,124,0.8
4,79,0.05
56,60,0.05
51,52,0.8
98,112,0.05
42,87,0.2
83,85,0.4
51,100,0.05
101,121,0.4
8,64,0.2
65,90,0.2
2,63,0.4
32,111,0.05
53,82,0.05
57,82,0.05
25,64,0.05
66,79,0.05
110,112,0.2
76,111,0.05
24,51,0.8
103,106,0.05
3,57,0.95
33,104,0.6
41,123,0.4
17,74,0.05
21,60,0.05
64,111,0.05
68,81,0.2
103,123,0.05
3,98,0.2
49,118,0.05
60,62,0.05
65,67,0.2
65,106,0.05
21,29,0.2
41,88,0.4
45,88,0.2
5,40,0.2
84,101,0.05
35,61,0.2
96,120,0.4
101,104,0.05
7,96,0.2
5,112,0.2
6,107,0.4
94,101,0.4
53,121,0.4
26,66,0.2
20,85,0.2
81,107,0.2
29,53,0.2
77,83,0.2
27,52,0.05
29,90,0.05
63,76,0.05
93,103,0.05
69,112,0.05
7,102,0.4
63,99,0.2
7,80,0.4
61,68,0.05
35,87,0.05
90,124,0.2
42,100,0.2
24,68,0.2
101,124,0.4
20,104,0.2
8,87,0.05
106,121,0.05
40,118,0.05
12,24,0.05
13,84,0.05
14,69,0.6
102,122,0.05
17,98,0.05
8,31,0.05
116,121,0.05
2,66,0.2
2,77,0.05
94,112,0.05
62,121,0.05
78,84,0.2
25,104,0.05
46,69,0.2
60,85,0.2
42,96,0.2
37,44,0.2
100,123,0.05
8,104,0.05
14,56,0.4
64,96,0.05
24,42,0.2
12,67,0.2
40,102,0.05
36,121,0.8
84,116,0.05
35,55,0.4
13,61,0.05
46,70,0.4
37,91,0.4
42,45,0.05
13,40,0.2
109,117,0.05
57,74,0.2
62,73,0.2
27,106,0.05
3,79,0.2
112,117,0.05
33,62,0.6
21,79,0.2
60,104,0.2
3,87,0.05
34,53,0.05
56,90,0.05
120,121,0.05
49,101,0.05
29,61,0.2
62,125,0.8
66,110,0.6
67,103,0.05
40,120,0.05
7,36,0.2
74,121,0.05
7,60,0.05
14,81,0.2
29,37,0.8
5,124,0.2
19,98,0.05
42,57,0.4
42,64,0.6
24,31,0.2
19,60,0.05
116,124,0.4
17,49,0.2
19,70,0.05
36,98,0.2
51,66,0.05
82,121,0.2
42,61,0.05
13,118,0.2
13,73,0.4
55,116,0.2
14,106,0.05
20,118,0.4
55,69,0.05
56,57,0.05
56,83,0.8
34,83,0.4
61,79,0.95
6,73,0.05
63,83,0.05
60,124,0.2
37,87,0.6
55,102,0.05
110,124,0.2
6,12,0.6
12,88,0.05
55,78,0.4
56,63,0.05
51,55,0.2
6,109,0.8
25,81,0.6
42,84,0.05
8,27,0.05
83,84,0.05
51,101,0.6
65,122,0.05
90,93,0.2
65,91,0.05
5,29,0.2
93,125,0.2
44,84,0.05
53,83,0.05
57,83,0.2
6,65,0.05
66,78,0.05
46,57,0.8
98,125,0.2
3,56,0.4
41,122,0.4
17,77,0.05
64,110,0.2
60,118,0.05
103,122,0.05
60,63,0.2
97,125,0.05
65,101,0.05
3,35,0.05
41,87,0.05
5,41,0.4
84,102,0.05
35,66,0.05
96,123,0.05
35,37,0.05
94,100,0.2
17,82,0.05
4,5,0.2
26,67,0.05
20,82,0.2
87,96,0.2
81,106,0.6
46,102,0.05
49,76,0.05
97,118,0.05
14,73,0.05
77,80,0.2
2,7,0.2
67,69,0.4
3,4,0.05
5,53,0.05
27,53,0.2
29,91,0.2
63,77,0.05
17,102,0.2
7,103,0.05
7,81,0.05
24,87,0.05
62,83,0.2
42,101,0.2
24,69,0.05
25,76,0.05
12,46,0.05
106,122,0.2
56,73,0.05
5,45,0.05
12,27,0.05
13,85,0.4
14,68,0.05
32,34,0.05
102,123,0.05
4,17,0.2
2,74,0.05
27,59,0.05
74,83,0.05
78,83,0.2
25,107,0.05
2,17,0.2
42,91,0.8
2,90,0.05
37,45,0.05
100,120,0.4
8,107,0.05
14,57,0.4
45,112,0.05
12,66,0.2
40,103,0.05
94,125,0.4
8,42,0.05
62,69,0.05
37,90,0.2
13,41,0.2
109,110,0.05
12,13,0.05
57,77,0.05
3,78,0.05
17,62,0.6
3,80,0.05
56,91,0.05
21,112,0.05
120,122,0.2
49,100,0.2
29,60,0.6
76,93,0.05
107,112,0.05
46,49,0.05
20,78,0.2
40,121,0.05
21,31,0.05
74,120,0.4
7,61,0.2
26,117,0.4
77,118,0.2
14,80,0.2
68,74,0.05
45,116,0.05
5,125,0.05
8,52,0.2
42,56,0.2
19,61,0.2
52,74,0.05
67,87,0.05
36,99,0.2
102,111,0.05
51,67,0.05
82,122,0.05
42,62,0.6
56,85,0.2
55,111,0.2
20,70,0.2
14,101,0.2
26,40,0.05
69,121,0.05
24,97,0.2
34,82,0.05
6,70,0.05
63,82,0.05
60,125,0.2
37,84,0.05
40,111,0.8
55,103,0.2
32,80,0.05
6,13,0.05
88,109,0.2
7,121,0.05
33,59,0.05
13,103,0.2
56,62,0.05
25,80,0.05
29,80,0.05
98,110,0.05
42,85,0.05
8,26,0.05
53,64,0.05
4,116,0.05
83,87,0.2
2,65,0.05
44,85,0.05
53,84,0.2
6,64,0.2
19,34,0.6
24,53,0.05
46,56,0.2
98,124,0.05
3,55,0.2
4,27,0.05
6,117,0.05
13,36,0.4
104,106,0.05
17,76,0.05
65,125,0.05
99,109,0.2
68,87,0.05
103,121,0.05
121,125,0.05
60,64,0.05
34,98,0.2
5,36,0.2
65,100,0.2
70,78,0.4
3,34,0.2
37,109,0.05
37,111,0.05
5,46,0.2
35,67,0.05
55,99,0.95
96,122,0.05
26,96,0.05
77,94,0.05
7,94,0.4
35,36,0.2
46,121,0.05
94,103,0.05
4,41,0.4
26,64,0.05
20,83,0.4
2,25,0.05
87,97,0.05
36,78,0.4
46,103,0.05
81,120,0.05
116,117,0.05
63,118,0.05
14,74,0.05
77,81,0.05
5,52,0.4
84,93,0.6
63,74,0.2
69,110,0.4
7,104,0.2
41,42,0.2
7,82,0.05
36,40,0.2
24,84,0.05
29,125,0.05
25,77,0.05
73,124,0.95
5,79,0.2
20,102,0.05
8,33,0.6
96,110,0.6
106,123,0.2
40,49,0.6
56,70,0.2
78,98,0.05
53,118,0.2
12,26,0.05
102,124,0.2
6,102,0.05
4,14,0.2
52,59,0.05
84,85,0.05
80,112,0.05
94,110,0.2
104,118,0.2
74,82,0.6
78,82,0.2
25,106,0.6
96,97,0.4
42,90,0.6
17,84,0.05
21,40,0.4
12,116,0.2
100,121,0.4
8,106,0.6
20,94,0.2
35,122,0.05
64,90,0.8
24,40,0.05
42,70,0.05
55,73,0.05
12,69,0.05
40,104,0.05
3,21,0.05
35,53,0.05
37,93,0.05
13,42,0.4
33,49,0.2
109,111,0.8
12,14,0.05
24,25,0.05
57,76,0.05
27,104,0.05
17,63,0.2
3,81,0.05
34,55,0.05
80,99,0.2
120,123,0.2
34,64,0.8
21,32,0.05
74,123,0.05
7,66,0.05
29,31,0.2
68,73,0.2
82,88,0.05
8,36,0.2
52,77,0.05
4,104,0.4
42,59,0.2
49,87,0.05
2,59,0.05
24,37,0.2
19,62,0.4
62,104,0.2
60,94,0.05
51,60,0.05
82,123,0.2
42,63,0.05
82,91,0.05
32,123,0.05
55,110,0.05
20,77,0.2
14,100,0.2
69,120,0.2
32,98,0.95
24,96,0.05
4,98,0.8
34,81,0.05
33,67,0.05
74,118,0.05
63,81,0.05
37,85,0.2
6,125,0.05
27,116,0.4
17,29,0.05
29,45,0.05
55,100,0.2
52,121,0.6
17,118,0.05
55,97,0.2
45,55,0.2
56,65,0.2
51,57,0.05
35,118,0.05
25,83,0.2
29,83,0.2
70,107,0.4
98,111,0.05
42,82,0.05
8,25,0.4
53,65,0.2
20,56,0.2
101,122,0.2
8,17,0.05
8,69,0.05
41,111,0.05
2,64,0.2
53,85,0.4
6,67,0.05
46,77,0.05
110,111,0.05
4,52,0.05
24,52,0.05
46,51,0.2
83,122,0.2
41,98,0.4
104,107,0.05
65,124,0.05
68,84,0.05
103,120,0.4
121,124,0.6
90,101,0.2
60,65,0.2
27,125,0.4
34,99,0.2
49,70,0.05
65,103,0.95
70,79,0.2
3,37,0.6
41,85,0.95
29,109,0.05
35,64,0.05
77,97,0.05
101,109,0.05
5,117,0.4
94,102,0.2
53,124,0.6
56,116,0.05
73,77,0.2
4,40,0.05
55,82,0.05
5,68,0.2
36,100,0.05
26,65,0.4
20,80,0.4
3,118,0.2
2,24,0.05
33,81,0.05
4,110,0.6
69,122,0.2
4,21,0.05
81,104,0.05
36,79,0.4
46,100,0.05
5,55,0.05
61,81,0.2
5,61,0.05
83,109,0.05
69,111,0.05
7,57,0.05
7,83,0.2
31,73,0.2
24,85,0.05
29,124,0.4
25,70,0.05
64,65,0.4
24,94,0.4
5,78,0.05
20,103,0.05
8,34,0.4
96,111,0.05
15,19,0.2
88,100,0.4
12,21,0.05
13,87,0.2
3,104,0.8
102,125,0.05
37,123,0.2
55,70,0.2
4,15,0.2
80,111,0.05
94,111,0.05
21,45,0.05
74,81,0.05
78,81,0.2
66,122,0.4
64,88,0.05
91,124,0.2
60,88,0.2
2,19,0.05
42,93,0.05
17,85,0.2
91,93,0.2
101,111,0.05
12,117,0.05
20,97,0.2
14,55,0.2
64,93,0.05
6,110,0.05
27,62,0.05
42,77,0.2
12,68,0.05
3,26,0.6
78,109,0.05
31,104,0.4
35,52,0.05
25,69,0.05
17,107,0.05
66,88,0.2
109,112,0.8
12,15,0.05
24,26,0.2
32,81,0.05
90,122,0.6
65,112,0.05
17,60,0.05
3,82,0.2
34,56,0.05
56,93,0.05
21,110,0.4
80,98,0.05
120,124,0.05
4,88,0.05
35,99,0.05
107,110,0.05
21,33,0.4
74,122,0.05
7,67,0.05
2,121,0.05
14,82,0.2
69,83,0.2
27,32,0.05
24,36,0.4
24,117,0.05
19,63,0.05
84,99,0.05
6,118,0.05
67,85,0.2
94,121,0.4
60,97,0.05
51,61,0.05
82,124,0.05
69,98,0.8
32,70,0.2
32,122,0.05
13,74,0.05
20,76,0.05
25,59,0.8
13,102,0.05
6,99,0.05
32,99,0.05
24,99,0.2
4,99,0.05
34,80,0.05
61,74,0.05
74,109,0.05
6,76,0.05
63,80,0.8
37,82,0.05
27,117,0.05
17,26,0.05
55,101,0.05
52,120,0.05
17,117,0.2
40,74,0.05
12,101,0.05
59,69,0.05
45,56,0.4
66,93,0.05
56,64,0.05
51,56,0.05
25,82,0.05
29,82,0.05
70,106,0.2
3,68,0.2
42,83,0.05
8,24,0.05
31,35,0.05
90,96,0.4
8,68,0.4
2,67,0.05
44,87,0.05
32,109,0.05
53,67,0.2
6,66,0.05
46,76,0.2
110,116,0.2
4,53,0.2
55,91,0.05
21,88,0.2
85,100,0.2
41,99,0.2
32,83,0.05
17,70,0.2
2,6,0.05
65,123,0.05
91,116,0.8
68,85,0.05
101,120,0.05
90,100,0.05
60,66,0.05
65,102,0.2
3,36,0.2
41,84,0.05
12,78,0.2
35,65,0.05
45,103,0.2
77,96,0.6
5,116,0.05
53,99,0.2
25,29,0.05
32,33,0.2
2,62,0.4
53,125,0.05
56,117,0.4
73,76,0.05
55,83,0.2
102,118,0.2
26,62,0.2
20,81,0.05
2,27,0.8
44,99,0.2
4,20,0.2
46,101,0.05
62,79,0.05
14,76,0.2
77,87,0.05
61,80,0.2
84,91,0.05
8,123,0.8
7,56,0.05
7,106,0.05
7,84,0.2
29,123,0.05
37,124,0.4
34,65,0.05
20,100,0.6
8,35,0.05
96,112,0.2
14,103,0.4
12,20,0.2
13,80,0.05
68,120,0.05
4,12,0.05
2,73,0.05
80,110,0.05
104,116,0.05
94,116,0.4
74,80,0.05
26,84,0.05
78,80,0.2
66,123,0.05
21,42,0.2
70,121,0.6
12,110,0.05
20,96,0.4
42,76,0.05
40,106,0.2
3,27,0.05
84,112,0.95
35,51,0.2
21,125,0.4
32,35,0.05
42,49,0.05
13,44,0.2
24,27,0.05
57,78,0.05
91,117,0.2
33,37,0.05
64,125,0.8
17,61,0.05
3,83,0.05
69,118,0.6
34,57,0.2
56,94,0.05
21,111,0.2
80,97,0.6
120,125,0.05
35,98,0.05
107,111,0.05
44,70,0.2
40,124,0.05
74,125,0.05
7,64,0.6
2,120,0.05
29,33,0.05
5,120,0.05
4,106,0.05
27,33,0.2
49,85,0.05
19,82,0.2
45,78,0.05
24,116,0.2
19,64,0.95
62,106,0.2
67,84,0.05
60,96,0.6
67,68,0.4
4,101,0.05
51,62,0.05
5,109,0.2
82,125,0.05
31,78,0.05
69,99,0.05
82,93,0.2
32,121,0.2
15,32,0.05
13,77,0.2
49,74,0.4
55,112,0.2
41,69,0.8
14,102,0.05
46,65,0.05
24,98,0.4
87,112,0.05
6,77,0.05
37,122,0.6
37,83,0.4
97,121,0.6
27,110,0.05
17,27,0.2
55,106,0.05
52,123,0.05
17,116,0.6
40,77,0.05
102,110,0.6
5,99,0.2
45,57,0.05
24,34,0.2
3,5,0.8
56,67,0.4
51,59,0.05
25,85,0.05
3,69,0.6
42,80,0.05
70,118,0.2
31,34,0.2
15,60,0.2
90,97,0.2
8,15,0.2
93,121,0.6
44,80,0.05
53,87,0.2
66,102,0.2
6,61,0.05
66,74,0.2
5,37,0.05
110,117,0.2
55,90,0.05
46,53,0.2
19,112,0.05
17,73,0.2
35,79,0.05
62,87,0.05
5,63,0.05
26,99,0.05
90,103,0.05
60,67,0.05
5,33,0.4
3,31,0.6
41,83,0.2
12,79,0.05
84,106,0.95
67,125,0.2
45,102,0.05
15,49,0.05
77,99,0.2
7,99,0.2
53,98,0.4
52,69,0.05
56,110,0.2
4,42,0.05
55,80,0.2
26,63,0.2
2,26,0.2
44,98,0.05
14,98,0.2
36,125,0.2
46,106,0.05
62,78,0.05
42,124,0.6
14,77,0.2
77,84,0.05
24,102,0.4
5,57,0.95
61,83,0.05
83,125,0.4
84,90,0.05
63,73,0.4
82,117,0.4
8,122,0.05
7,55,0.2
7,107,0.2
6,90,0.2
7,85,0.05
61,63,0.05
15,37,0.2
29,122,0.05
33,77,0.05
37,125,0.2
64,67,0.2
12,42,0.05
20,101,0.6
34,121,0.2
40,44,0.05
87,104,0.05
7,40,0.05
13,81,0.05
7,29,0.4
3,106,0.2
68,121,0.05
4,13,0.05
2,70,0.4
80,117,0.05
94,117,0.2
74,87,0.8
26,85,0.05
66,120,0.05
56,109,0.05
17,87,0.2
2,94,0.05
37,49,0.05
12,111,0.6
101,116,0.4
45,121,0.2
20,91,0.8
40,107,0.2
3,24,0.05
78,107,0.6
84,111,0.8
57,70,0.4
21,124,0.05
44,62,0.95
13,45,0.2
33,44,0.8
12,17,0.05
90,120,0.05
37,64,0.05
33,36,0.2
65,110,0.05
17,66,0.4
60,109,0.05
41,51,0.2
94,96,0.2
21,116,0.05
80,96,0.2
31,120,0.4
107,116,0.8
104,123,0.05
40,125,0.2
74,124,0.05
7,65,0.05
2,123,0.05
14,49,0.2
59,99,0.2
68,70,0.05
5,121,0.05
4,112,0.2
69,85,0.4
36,116,0.4
49,84,0.8
51,79,0.2
31,66,0.2
19,83,0.4
45,79,0.2
24,111,0.05
19,65,0.05
52,78,0.4
62,107,0.2
67,83,0.2
60,99,0.05
53,59,0.05
51,63,0.6
5,106,0.05
5,88,0.05
13,99,0.4
32,120,0.05
13,76,0.05
41,68,0.2
20,74,0.05
69,125,0.2
55,57,0.05
4,97,0.2
61,76,0.05
6,74,0.05
37,80,0.2
40,88,0.05
27,111,0.05
17,24,0.2
55,107,0.05
52,122,0.05
40,76,0.05
12,83,0.05
33,55,0.4
5,98,0.2
66,91,0.2
56,66,0.05
14,34,0.2
64,109,0.05
25,84,0.8
70,104,0.05
3,66,0.05
42,81,0.05
3,40,0.05
53,68,0.2
90,94,0.2
2,69,0.05
44,81,0.05
65,88,0.2
6,60,0.05
57,109,0.05
66,77,0.6
46,74,0.05
117,124,0.05
46,52,0.2
3,59,0.05
36,104,0.05
65,121,0.05
6,36,0.2
60,117,0.2
35,78,0.05
52,110,0.4
103,125,0.2
90,102,0.2
90,116,0.05
65,66,0.2
34,94,0.4
49,77,0.2
97,100,0.05
41,82,0.4
84,107,0.05
67,124,0.05
45,101,0.2
77,98,0.05
7,98,0.05
5,118,0.6
6,106,0.4
2,42,0.05
25,27,0.2
19,29,0.2
5,7,0.2
56,111,0.05
73,74,0.05
4,45,0.05
55,81,0.05
26,60,0.2
4,107,0.2
2,21,0.05
117,118,0.4
4,117,0.2
44,97,0.2
14,99,0.2
4,26,0.05
81,109,0.6
31,37,0.4
46,107,0.2
42,125,0.8
77,85,0.2
24,103,0.05
5,56,0.2
61,82,0.05
84,97,0.05
63,70,0.2
82,116,0.05
106,118,0.05
41,46,0.4
25,45,0.05
61,62,0.05
53,109,0.05
31,74,0.2
24,88,0.2
15,36,0.2
29,121,0.6
33,76,0.05
25,73,0.05
73,120,0.2
12,41,0.05
34,67,0.2
40,59,0.8
15,120,0.2
40,45,0.05
87,107,0.05
44,109,0.05
13,82,0.05
3,107,0.05
68,122,0.95
8,32,0.05
116,120,0.2
80,116,0.2
66,121,0.05
64,87,0.05
27,88,0.05
20,37,0.05
31,124,0.05
12,112,0.8
101,117,0.2
20,90,0.95
42,74,0.05
29,78,0.4
3,25,0.05
78,106,0.05
84,110,0.05
21,123,0.6
13,46,0.4
33,45,0.05
44,118,0.05
19,78,0.6
91,111,0.2
37,65,0.2
33,35,0.05
65,111,0.05
2,116,0.4
4,81,0.05
33,63,0.05
17,67,0.05
41,52,0.2
12,74,0.05
15,109,0.05
94,97,0.05
56,96,0.05
21,117,0.2
84,109,0.6
4,85,0.95
101,112,0.2
4,51,0.05
107,117,0.05
55,93,0.2
77,117,0.2
4,69,0.8
2,122,0.4
59,98,0.05
5,122,0.4
33,99,0.95
69,84,0.05
27,31,0.2
51,96,0.05
49,83,0.05
51,78,0.4
74,90,0.2
31,67,0.4
26,116,0.05
19,80,0.05
2,55,0.05
42,65,0.05
45,76,0.6
24,110,0.2
19,66,0.05
52,79,0.2
62,100,0.05
67,82,0.05
60,98,0.2
51,69,0.05
15,99,0.05
5,107,0.05
13,98,0.2
13,112,0.05
56,88,0.2
7,26,0.2
13,32,0.05
69,124,0.2
55,56,0.05
4,94,0.05
61,77,0.2
26,35,0.05
63,85,0.05
27,121,0.05
37,81,0.05
27,112,0.05
17,25,0.05
55,104,0.2
41,61,0.05
12,82,0.05
96,109,0.05
45,51,0.2
66,90,0.05
14,35,0.05
13,29,0.2
64,106,0.05
25,87,0.05
70,103,0.2
3,67,0.2
3,41,0.8
8,21,0.6
31,36,0.2
64,117,0.05
2,68,0.05
44,82,0.05
6,63,0.05
66,76,0.05
46,73,0.4
4,56,0.2
21,85,0.05
55,79,0.6
5,8,0.2
41,94,0.2
57,59,0.05
21,69,0.2
36,107,0.6
65,120,0.05
6,37,0.05
107,122,0.2
60,116,0.05
52,111,0.05
103,124,0.05
91,121,0.2
5,31,0.05
3,33,0.05
97,101,0.4
41,81,0.05
13,101,0.4
35,68,0.05
45,100,0.8
25,26,0.05
32,36,0.05
17,83,0.4
56,112,0.05
21,41,0.4
4,44,0.4
6,29,0.05
26,61,0.2
91,120,0.05
66,67,0.05
2,20,0.4
44,96,0.2
14,96,0.05
4,25,0.05
46,104,0.4
5,32,0.4
14,79,0.05
24,100,0.05
13,19,0.05
61,85,0.05
84,96,0.05
45,90,0.2
82,111,0.05
8,120,0.2
64,91,0.6
17,103,0.05
7,53,0.2
7,109,0.05
41,45,0.2
63,90,0.2
7,87,0.05
25,44,0.05
31,77,0.2
15,35,0.05
29,120,0.05
73,121,0.6
12,40,0.95
34,66,0.2
40,46,0.05
87,106,0.05
109,121,0.05
44,124,0.05
13,83,0.4
33,120,0.2
3,100,0.05
68,123,0.4
3,19,0.05
74,85,0.2
26,87,0.2
64,84,0.05
20,36,0.2
31,125,0.05
19,118,0.2
101,110,0.2
3,20,0.05
20,93,0.05
36,120,0.05
29,79,0.05
29,118,0.05
29,112,0.2
70,87,0.2
21,122,0.05
13,106,0.05
33,42,0.05
12,19,0.05
32,85,0.8
100,118,0.2
91,110,0.05
33,34,0.8
64,120,0.05
2,117,0.05
17,64,0.4
41,53,0.2
15,106,0.05
56,97,0.2
80,94,0.6
4,84,0.2
77,116,0.2
4,68,0.4
2,125,0.05
36,37,0.05
5,123,0.2
51,87,0.2
69,87,0.05
19,91,0.8
27,36,0.05
49,82,0.05
74,91,0.05
31,64,0.05
19,81,0.05
2,56,0.2
45,77,0.4
19,67,0.2
15,62,0.05
62,101,0.05
68,69,0.2
45,124,0.05
53,57,0.4
15,98,0.2
5,104,0.6
85,104,0.2
82,94,0.2
7,27,0.2
8,98,0.05
87,117,0.05
15,51,0.05
37,68,0.05
7,8,0.05
61,70,0.2
63,84,0.05
40,70,0.05
12,81,0.8
33,57,0.05
104,124,0.05
45,52,0.05
66,97,0.2
91,109,0.05
13,109,0.05
14,36,0.05
64,107,0.4
32,112,0.05
70,102,0.2
3,64,0.4
3,42,0.6
8,20,0.2
87,93,0.05
100,109,0.2
44,83,0.4
2,96,0.2
45,110,0.4
44,116,0.2
6,62,0.2
4,57,0.05
21,84,0.05
13,31,0.2
80,88,0.05
21,68,0.2
36,106,0.2
6,34,0.05
60,111,0.05
52,112,0.05
49,110,0.05
90,104,0.4
91,122,0.6
34,96,0.2
3,32,0.4
97,102,0.05
41,80,0.2
37,110,0.2
35,69,0.05
66,103,0.2
14,78,0.05
42,111,0.05
32,37,0.2
46,122,0.2
94,109,0.05
63,121,0.8
55,87,0.2
14,97,0.2
4,24,0.2
81,123,0.2
24,101,0.2
26,122,0.2
61,84,0.05
45,91,0.2
82,110,0.05
36,45,0.05
7,52,0.2
41,44,0.4
63,91,0.4
7,88,0.05
45,69,0.2
8,121,0.4
31,76,0.2
15,34,0.05
33,74,0.05
24,60,0.05
79,109,0.05
73,122,0.05
34,61,0.4
40,57,0.05
96,116,0.05
87,101,0.05
109,120,0.4
64,102,0.2
44,125,0.6
33,121,0.4
56,121,0.2
65,70,0.05
3,101,0.05
68,124,0.2
74,84,0.2
26,80,0.2
64,85,0.2
40,117,0.05
20,35,0.05
31,122,0.2
79,88,0.05
21,46,0.05
91,94,0.2
35,123,0.05
69,81,0.05
2,4,0.2
104,112,0.05
78,104,0.4
21,121,0.05
7,19,0.6
37,99,0.2
32,84,0.05
37,67,0.05
64,121,0.05
2,110,0.05
17,65,0.05
15,107,0.05
56,98,0.05
80,93,0.2
69,103,0.4
49,109,0.8
81,83,0.2
77,111,0.05
2,124,0.2
8,37,0.2
19,90,0.8
15,64,0.05
27,37,0.05
49,81,0.95
31,65,0.2
2,57,0.05
45,74,0.05
24,112,0.2
19,68,0.4
15,63,0.05
62,102,0.2
67,80,0.05
17,101,0.05
53,56,0.05
5,87,0.2
82,97,0.05
62,68,0.95
13,110,0.2
7,24,0.2
8,99,0.8
118,125,0.2
26,37,0.2
6,124,0.05
17,112,0.05
29,103,0.2
40,73,0.2
12,80,0.05
96,107,0.2
33,56,0.2
55,96,0.05
45,53,0.2
6,51,0.05
66,96,0.2
14,37,0.6
64,104,0.2
69,78,0.2
70,101,0.6
3,65,0.2
44,49,0.05
65,85,0.6
57,104,0.8
66,70,0.05
55,94,0.05
98,101,0.05
7,91,0.8
49,125,0.05
17,57,0.2
41,96,0.4
6,94,0.6
20,21,0.05
60,79,0.05
64,118,0.4
6,35,0.4
60,110,0.05
36,118,0.2
42,121,0.05
55,77,0.05
49,111,0.8
90,107,0.05
91,123,0.2
35,117,0.05
15,76,0.95
34,97,0.2
70,73,0.8
97,103,0.2
59,64,0.05
67,121,0.05
53,74,0.05
45,106,0.05
19,20,0.8
63,120,0.05
15,20,0.05
73,79,0.05
4,46,0.8
55,84,0.05
3,112,0.05
44,94,0.2
14,94,0.05
34,107,0.2
42,120,0.05
77,88,0.05
24,106,0.05
20,59,0.05
61,87,0.05
84,94,0.05
36,44,0.2
7,51,0.4
25,46,0.05
61,67,0.05
45,68,0.2
15,33,0.05
42,109,0.05
33,73,0.05
24,61,0.05
37,121,0.2
73,123,0.05
85,110,0.2
34,60,0.05
40,56,0.05
96,117,0.6
87,100,0.2
32,49,0.2
44,104,0.4
109,123,0.2
88,101,0.2
44,122,0.6
33,122,0.2
56,120,0.2
3,102,0.4
79,83,0.05
68,125,0.6
17,88,0.4
21,44,0.05
26,81,0.05
66,124,0.05
64,82,0.05
40,116,0.05
20,34,0.6
31,123,0.2
42,99,0.4
91,97,0.05
84,88,0.05
27,65,0.05
78,103,0.05
25,118,0.05
29,110,0.6
70,85,0.6
21,120,0.05
73,111,0.2
37,98,0.05
97,99,0.2
31,80,0.05
13,49,0.4
33,40,0.05
109,118,0.2
35,49,0.95
32,87,0.05
91,112,0.05
37,60,0.4
64,122,0.8
2,111,0.05
3,70,0.2
41,55,0.05
3,88,0.4
15,104,0.05
56,99,0.05
69,102,0.05
35,93,0.8
81,82,0.2
77,110,0.2
26,118,0.05
66,101,0.05
36,85,0.05
78,79,0.6
4,32,0.8
82,83,0.05
51,85,0.2
19,93,0.05
27,34,0.05
26,103,0.05
49,80,0.05
74,93,0.05
66,106,0.05
31,62,0.05
19,87,0.05
19,69,0.2
62,103,0.2
24,79,0.2
53,55,0.05
5,102,0.2
5,84,0.05
94,120,0.05
82,96,0.05
32,124,0.05
13,117,0.05
6,112,0.6
7,25,0.05
67,107,0.05
15,53,0.05
32,93,0.05
4,93,0.05
118,124,0.05
26,36,0.2
74,103,0.95
17,20,0.4
17,111,0.05
12,87,0.05
96,106,0.2
33,51,0.05
31,49,0.05
103,116,0.05
5,94,0.05
6,52,0.2
7,118,0.2
21,97,0.05
25,88,0.05
29,88,0.6
70,100,0.2
3,62,0.4
3,44,0.4
31,33,0.05
65,84,0.05
67,101,0.05
66,73,0.05
3,7,0.6
110,118,0.6
4,55,0.05
117,120,0.4
98,100,0.05
49,124,0.05
20,57,0.2
17,56,0.05
41,97,0.2
6,42,0.05
32,82,0.2
60,78,0.05
6,32,0.05
26,46,0.05
51,124,0.2
101,123,0.05
98,99,0.2
49,112,0.6
90,106,0.05
90,112,0.05
27,76,0.2
34,90,0.95
41,103,0.2
97,104,0.05
67,120,0.2
53,77,0.05
15,42,0.05
76,81,0.05
53,93,0.05
93,122,0.4
2,88,0.05
63,123,0.2
15,21,0.05
73,78,0.05
62,122,0.8
55,85,0.05
3,111,0.4
44,93,0.05
36,70,0.6
6,7,0.2
34,106,0.2
85,125,0.2
24,107,0.6
4,29,0.2
45,93,0.05
82,112,0.05
51,118,0.05
8,125,0.4
15,111,0.05
56,77,0.05
63,93,0.2
25,41,0.05
61,66,0.05
33,88,0.2
24,62,0.05
69,101,0.05
85,111,0.05
34,63,0.4
40,55,0.4
96,118,0.05
40,41,0.05
87,103,0.6
109,122,0.05
8,59,0.4
44,123,0.4
33,123,0.6
56,84,0.05
56,123,0.05
3,103,0.2
26,82,0.2
66,125,0.05
64,83,0.2
20,33,0.4
42,69,0.05
42,98,0.2
32,61,0.05
52,88,0.4
93,99,0.2
91,96,0.05
78,102,0.05
29,111,0.2
88,97,0.8
70,84,0.05
73,110,0.05
97,98,0.05
33,41,0.05
36,46,0.2
37,61,0.05
2,112,0.05
3,73,0.2
41,56,0.4
80,91,0.05
29,41,0.2
25,52,0.2
14,19,0.2
36,84,0.05
59,94,0.05
117,123,0.2
51,82,0.05
27,35,0.05
74,94,0.05
31,63,0.2
49,69,0.2
19,84,0.05
2,51,0.2
63,109,0.6
24,78,0.6
34,116,0.6
4,100,0.2
5,103,0.2
5,85,0.6
69,93,0.05
62,66,0.2
13,116,0.2
36,69,0.2
55,118,0.05
76,90,0.05
13,51,0.6
67,106,0.05
15,52,0.05
26,41,0.2
32,90,0.2
56,59,0.05
40,99,0.05
118,123,0.05
61,73,0.05
26,31,0.2
74,102,0.4
17,21,0.2
17,110,0.05
103,117,0.2
5,97,0.2
6,53,0.05
7,117,0.05
66,94,0.05
29,84,0.05
14,31,0.6
3,63,0.2
52,64,0.4
3,45,0.05
31,32,0.4
31,70,0.4
15,61,0.2
100,104,0.4
29,51,0.05
65,87,0.6
26,29,0.05
57,106,0.05
49,73,0.2
6,120,0.05
117,121,0.6
98,103,0.2
21,81,0.05
20,99,0.4
17,55,0.2
41,90,0.4
2,8,0.05
6,41,0.05
7,44,0.8
80,109,0.2
66,104,0.2
60,77,0.2
36,103,0.05
6,33,0.05
60,112,0.05
44,66,0.05
51,125,0.2
17,122,0.6
91,125,0.8
34,91,0.8
81,112,0.8
8,74,0.05
84,103,0.05
67,123,0.05
53,76,0.05
45,104,0.2
44,120,0.05
76,80,0.05
76,78,0.05
63,122,0.2
3,110,0.8
15,124,0.05
37,120,0.05
4,118,0.6
36,124,0.8
116,118,0.05
19,24,0.2
42,122,0.8
85,124,0.2
24,104,0.05
13,15,0.05
42,97,0.05
83,124,0.4
45,94,0.2
83,101,0.4
8,124,0.05
15,110,0.2
87,110,0.05
42,110,0.2
63,94,0.95
25,40,0.4
61,65,0.05
15,31,0.4
24,63,0.4
29,52,0.2
42,116,0.4
85,112,0.05
34,62,0.4
35,112,0.95
40,42,0.05
87,102,0.05
59,111,0.95
44,106,0.05
109,125,0.2
8,56,0.05
12,29,0.05
7,41,0.05
33,124,0.05
56,122,0.2
66,109,0.05
65,73,0.2
12,109,0.6
