0 0
1 0
2 0
3 0
4 0
5 0
6 0
7 0
8 0
9 0
10 0
11 0
12 0
13 0
14 0
15 0
16 0
17 0
18 0
19 0
20 0
21 0
22 0
23 0
24 0
25 0
26 0
27 0
28 0
29 0
30 0
31 0
32 0
33 0
34 0
35 0
36 0
37 0
38 0
39 0
40 0
41 0
42 0
43 0
44 0
45 0
46 0
47 0
48 0
49 0
50 50
51 50
52 50
53 50
54 50
55 50
56 50
57 50
58 50
59 50
60 50
61 50
62 50
63 50
64 50
65 50
66 50
67 50
68 50
69 50
70 50
71 50
72 50
73 50
74 50
75 50
76 50
77 50
78 50
79 50
80 50
81 50
82 50
83 50
84 50
85 50
86 50
87 50
88 50
89 50
90 50
91 50
92 50
93 50
94 50
95 50
96 50
97 50
98 50
99 50
100 100
101 100
102 100
103 100
104 100
105 100
106 100
107 100
108 100
109 100
110 100
111 100
112 100
113 100
114 100
115 100
116 100
117 100
118 100
119 100
120 100
121 100
122 100
123 100
124 100
125 100
126 100
127 100
128 100
129 100
130 100
131 100
132 100
133 100
134 100
135 100
136 100
137 100
138 100
139 100
140 100
141 100
142 100
143 100
144 100
145 100
146 100
147 100
148 100
149 100
150 150
151 150
152 150
153 150
154 150
155 150
156 150
157 150
158 150
159 150
160 150
161 150
162 150
163 150
164 150
165 150
166 150
167 150
168 150
169 150
170 170
171 170
172 170
173 170
174 170
175 170
176 170
177 170
178 170
179 170
180 170
181 170
182 170
183 170
184 170
185 170
186 170
187 170
188 170
189 170
190 190
191 190
192 190
193 190
194 190
195 190
196 190
197 190
198 190
199 190
200 190
201 190
202 190
203 190
204 190
205 190
206 190
207 190
208 190
209 190
210 210
211 210
212 210
213 210
214 210
215 210
216 210
217 210
218 210
219 210
220 210
221 210
222 210
223 210
224 210
225 210
226 210
227 210
228 210
229 210
230 230
231 230
232 230
233 230
234 230
235 230
236 230
237 230
238 230
239 230
240 230
241 230
242 230
243 230
244 230
245 230
246 230
247 230
248 230
249 230
250 250
251 250
252 250
253 250
254 250
255 250
256 250
257 250
258 250
259 250
260 250
261 250
262 250
263 250
264 250
265 250
266 250
267 250
268 250
269 250
270 270
271 270
272 270
273 270
274 270
275 270
276 270
277 270
278 270
279 270
280 270
281 270
282 270
283 270
284 270
285 270
286 270
287 270
288 270
289 270
290 290
291 290
292 290
293 290
294 290
295 290
296 290
297 290
298 290
299 290
300 290
301 290
302 290
303 290
304 290
305 290
306 290
307 290
308 290
309 290
310 310
311 310
312 310
313 310
314 310
315 310
316 310
317 310
318 310
319 310
320 310
321 310
322 310
323 310
324 310
325 310
326 310
327 310
328 310
329 310
330 330
331 330
332 330
333 330
334 330
335 330
336 330
337 330
338 330
339 330
340 330
341 330
342 330
343 330
344 330
345 330
346 330
347 330
348 330
349 330
350 350
351 350
352 350
353 350
354 350
355 350
356 350
357 350
358 350
359 350
360 350
361 350
362 350
363 350
364 350
365 350
366 350
367 350
368 350
369 350
370 370
371 370
372 370
373 370
374 370
375 370
376 370
377 370
378 370
379 370
380 370
381 370
382 370
383 370
384 370
385 370
386 370
387 370
388 370
389 370
390 390
391 390
392 390
393 390
394 390
395 390
396 390
397 390
398 390
399 390
400 390
401 390
402 390
403 390
404 390
405 390
406 390
407 390
408 390
409 390
410 410
411 410
412 410
413 410
414 410
415 410
416 410
417 410
418 410
419 410
420 410
421 410
422 410
423 410
424 410
425 410
426 410
427 410
428 410
429 410
430 430
431 430
432 430
433 430
434 430
435 430
436 430
437 430
438 430
439 430
440 430
441 430
442 430
443 430
444 430
445 430
446 430
447 430
448 430
449 430
450 450
451 450
452 450
453 450
454 450
455 450
456 450
457 450
458 450
459 450
460 450
461 450
462 450
463 450
464 450
465 450
466 450
467 450
468 450
469 450
470 470
471 470
472 470
473 470
474 470
475 470
476 470
477 470
478 470
479 470
480 470
481 470
482 470
483 470
484 470
485 470
486 470
487 470
488 470
489 470
490 490
491 490
492 490
493 490
494 490
495 490
496 490
497 490
498 490
499 490
500 490
501 490
502 490
503 490
504 490
505 490
506 490
507 490
508 490
509 490
510 510
511 510
512 510
513 510
514 510
515 510
516 510
517 510
518 510
519 510
520 510
521 510
522 510
523 510
524 510
525 510
526 510
527 510
528 510
529 510
530 530
531 530
532 530
533 530
534 530
535 530
536 530
537 530
538 530
539 530
540 530
541 530
542 530
543 530
544 530
545 530
546 530
547 530
548 530
549 530
550 550
551 550
552 550
553 550
554 550
555 555
556 555
557 555
558 555
559 555
560 560
561 560
562 560
563 560
564 560
565 565
566 565
567 565
568 565
569 565
570 570
571 570
572 570
573 570
574 570
575 575
576 575
577 575
578 575
579 575
580 580
581 580
582 580
583 580
584 580
585 585
586 585
587 585
588 585
589 585
590 590
591 590
592 590
593 590
594 590
595 595
596 595
597 595
598 595
599 595
600 600
601 600
602 600
603 600
604 600
605 605
606 605
607 605
608 605
609 605
610 610
611 610
612 610
613 610
614 610
615 615
616 615
617 615
618 615
619 615
620 620
621 620
622 620
623 620
624 620
625 625
626 625
627 625
628 625
629 625
630 630
631 630
632 630
633 630
634 630
635 635
636 635
637 635
638 635
639 635
640 640
641 640
642 640
643 640
644 640
645 645
646 645
647 645
648 645
649 645
650 650
651 650
652 650
653 650
654 650
655 655
656 655
657 655
658 655
659 655
660 660
661 660
662 660
663 660
664 660
665 665
666 665
667 665
668 665
669 665
670 670
671 670
672 670
673 670
674 670
675 675
676 675
677 675
678 675
679 675
680 680
681 680
682 680
683 680
684 680
685 685
686 685
687 685
688 685
689 685
690 690
691 690
692 690
693 690
694 690
695 695
696 695
697 695
698 695
699 695
700 700
701 700
702 700
703 700
704 700
705 705
706 705
707 705
708 705
709 705
710 710
711 710
712 710
713 710
714 710
715 715
716 715
717 715
718 715
719 715
720 720
721 720
722 720
723 720
724 720
725 725
726 725
727 725
728 725
729 725
730 730
731 730
732 730
733 730
734 730
735 735
736 735
737 735
738 735
739 735
740 740
741 740
742 740
743 740
744 740
745 745
746 745
747 745
748 745
749 745
750 750
751 750
752 750
753 750
754 750
755 755
756 755
757 755
758 755
759 755
760 760
761 760
762 760
763 760
764 760
765 765
766 765
767 765
768 765
769 765
770 770
771 770
772 770
773 770
774 770
775 775
776 775
777 775
778 775
779 775
780 780
781 780
782 780
783 780
784 780
785 785
786 785
787 785
788 785
789 785
790 790
791 790
792 790
793 790
794 790
795 795
796 795
797 795
798 795
799 795
800 800
801 800
802 800
803 800
804 800
805 805
806 805
807 805
808 805
809 805
810 810
811 810
812 810
813 810
814 810
815 815
816 815
817 815
818 815
819 815
820 820
821 820
822 820
823 820
824 820
825 825
826 825
827 825
828 825
829 825
830 830
831 830
832 830
833 830
834 830
835 835
836 835
837 835
838 835
839 835
840 840
841 840
842 840
843 840
844 840
845 845
846 845
847 845
848 845
849 845
850 850
851 850
852 850
853 850
854 850
855 855
856 855
857 855
858 855
859 855
860 860
861 860
862 860
863 860
864 860
865 865
866 865
867 865
868 865
869 865
870 870
871 870
872 870
873 870
874 870
875 875
876 875
877 875
878 875
879 875
880 880
881 880
882 880
883 880
884 880
885 885
886 885
887 885
888 885
889 885
890 890
891 890
892 890
893 890
894 890
895 895
896 895
897 895
898 895
899 895
