0 0
1 0
2 0
3 0
4 0
5 0
6 0
7 0
8 0
9 0
10 0
11 0
12 0
13 0
14 0
15 0
16 0
17 0
18 0
19 0
20 0
21 0
22 0
23 0
24 0
25 0
26 0
27 0
28 0
29 0
30 0
31 0
32 0
33 0
34 0
35 0
36 0
37 0
38 0
39 0
40 0
41 1
42 1
43 1
44 1
45 1
46 1
47 1
48 1
49 1
50 1
51 1
52 1
53 1
54 1
55 1
56 1
57 2
58 2
59 2
60 2
61 2
62 2
63 2
64 2
65 2
66 2
67 2
68 2
69 2
70 2
71 2
72 2
73 2
74 2
75 2
76 2
77 2
78 2
79 2
80 2
81 2
82 2
83 2
84 2
85 2
86 2
87 2
88 2
89 2
90 2
91 2
92 2
93 2
94 2
95 2
96 2
97 2
98 2
99 2
100 3
101 3
102 3
103 3
104 3
105 3
106 3
107 3
108 3
109 3
110 3
111 4
112 4
113 4
114 4
115 4
116 4
117 4
118 4
119 4
120 5
121 5
122 5
123 5
124 5
125 5
126 5
127 6
128 6
129 6
130 6
131 6
132 6
133 6
134 6
135 6
136 6
137 6
138 6
139 6
140 6
141 6
142 6
143 6
144 6
145 6
146 6
147 6
148 6
149 6
150 6
151 6
152 6
153 6
154 6
155 6
156 6
157 6
158 6
159 6
160 6
161 6
162 6
163 6
164 6
165 6
166 6
167 6
168 6
169 6
170 7
171 7
172 7
173 7
174 7
175 7
176 7
177 7
178 7
179 7
180 7
181 7
182 7
183 7
184 7
185 7
186 7
187 7
188 7
189 7
190 8
191 8
192 8
193 8
194 8
195 8
196 8
197 8
198 8
199 8
200 8
201 8
202 8
203 8
204 8
205 8
206 9
207 9
208 9
209 9
210 9
211 9
212 9
213 9
214 9
215 9
216 9
217 9
218 9
219 9
220 9
221 9
222 9
223 9
224 9
225 9
226 10
227 10
228 10
229 10
230 10
231 10
232 10
233 10
234 10
235 10
236 10
237 10
238 10
239 10
240 10
241 10
242 10
243 10
244 10
245 10
246 11
247 11
248 11
249 11
250 11
251 11
252 11
253 11
254 11
255 11
256 11
257 11
258 11
259 11
260 11
261 11
262 11
263 11
264 11
265 11
